0 0 0 0 0 0 0 0 0 0 0 0 0 0 0 0 0 1 1 1 1 1 1 1 0 0 0 0 0 0 0 0 0 0 0 0 0 0 0 0 0 
0 0 0 0 0 0 0 0 0 0 0 0 0 0 0 0 0.28125 0.71875 1 1 1 1 1 0.71875 0.28125 0 0 0 0 0 0 0 0 0 0 0 0 0 0 0 0 
0 0 0 0 0 0 0 0 0 0 0 0 0 0 0 0.158203 0.650391 0.349609 0.841797 1 1 1 0.841797 0.349609 0.650391 0.158203 0 0 0 0 0 0 0 0 0 0 0 0 0 0 0 
0 0 0 0 0 0 0 0 0 0 0 0 0 0 0.0889893 0.504272 0.573486 0.426514 0.495728 0.911011 1 0.911011 0.495728 0.426514 0.573486 0.504272 0.0889893 0 0 0 0 0 0 0 0 0 0 0 0 0 0 
0 0 0 0 0 0 0 0 0 0 0 0 0 0.0500565 0.361519 0.655678 0.374977 0.625023 0.344322 0.638481 0.899887 0.638481 0.344322 0.625023 0.374977 0.655678 0.361519 0.0500565 0 0 0 0 0 0 0 0 0 0 0 0 0 
0 0 0 0 0 0 0 0 0 0 0 0 0.0281568 0.247154 0.624315 0.483725 0.475013 0.524987 0.516275 0.347528 0.505692 0.347528 0.516275 0.524987 0.475013 0.483725 0.624315 0.247154 0.0281568 0 0 0 0 0 0 0 0 0 0 0 0 
0 0 0 0 0 0 0 0 0 0 0 0.0158382 0.163661 0.533219 0.595876 0.385953 0.608059 0.391941 0.598209 0.240463 -0.0664372 0.240463 0.598209 0.391941 0.608059 0.385953 0.595876 0.533219 0.163661 0.0158382 0 0 0 0 0 0 0 0 0 0 0 
0 0 0 0 0 0 0 0 0 0 0.00890897 0.105918 0.423891 0.646652 0.41411 0.531198 0.494605 0.496487 0.362884 0.161998 -0.293304 0.161998 0.362884 0.496487 0.494605 0.531198 0.41411 0.646652 0.423891 0.105918 0.00890897 0 0 0 0 0 0 0 0 0 0 
0 0 0 0 0 0 0 0 0 0.0050113 0.0673741 0.32029 0.630564 0.503978 0.429011 0.589997 0.402792 0.524822 0.0897126 -0.0595757 -0.007956 -0.0595757 0.0897126 0.524822 0.402792 0.589997 0.429011 0.503978 0.630564 0.32029 0.0673741 0.0050113 0 0 0 0 0 0 0 0 0 
0 0 0 0 0 0 0 0 0.00281886 0.0422828 0.233025 0.566926 0.591503 0.39034 0.576636 0.452939 0.484925 0.239767 -0.0226841 -0.168139 0.21932 -0.168139 -0.0226841 0.239767 0.484925 0.452939 0.576636 0.39034 0.591503 0.566926 0.233025 0.0422828 0.00281886 0 0 0 0 0 0 0 0 
0 0 0 0 0 0 0 0.00158561 0.0262506 0.164649 0.479203 0.639568 0.425463 0.494648 0.549889 0.403452 0.411164 -0.0550159 -0.0692705 0.0230619 0.0107048 0.0230619 -0.0692705 -0.0550159 0.411164 0.403452 0.549889 0.494648 0.425463 0.639568 0.479203 0.164649 0.0262506 0.00158561 0 0 0 0 0 0 0 
0 0 0 0 0 0 0.000891903 0.0161534 0.113657 0.386102 0.638649 0.501571 0.418773 0.591113 0.409698 0.440674 0.0708392 -0.0955908 -0.0559017 0.155375 -0.184009 0.155375 -0.0559017 -0.0955908 0.0708392 0.440674 0.409698 0.591113 0.418773 0.501571 0.638649 0.386102 0.113657 0.0161534 0.000891903 0 0 0 0 0 0 
0 0 0 0 0 0.000501696 0.00986668 0.0769824 0.299468 0.596363 0.578931 0.394106 0.555598 0.488591 0.388977 0.25244 -0.155071 -0.0202236 0.0539851 -0.0220585 0.00308426 -0.0220585 0.0539851 -0.0202236 -0.155071 0.25244 0.388977 0.488591 0.555598 0.394106 0.578931 0.596363 0.299468 0.0769824 0.00986668 0.000501696 0 0 0 0 0 
0 0 0 0 0.000282204 0.00598899 0.0513263 0.225207 0.527135 0.629815 0.425055 0.481445 0.563892 0.367728 0.347486 -0.0882166 -0.0759041 0.0210345 0.079355 -0.142575 0.161892 -0.142575 0.079355 0.0210345 -0.0759041 -0.0882166 0.347486 0.367728 0.563892 0.481445 0.425055 0.629815 0.527135 0.225207 0.0513263 0.00598899 0.000282204 0 0 0 0 
0 0 0 0.00015874 0.00361574 0.0337684 0.165092 0.445458 0.642724 0.490331 0.418076 0.58344 0.415468 0.345821 0.0722989 -0.176865 0.0508645 0.0405699 -0.0529158 0.033007 -0.0218253 0.033007 -0.0529158 0.0405699 0.0508645 -0.176865 0.0722989 0.345821 0.415468 0.58344 0.418076 0.490331 0.642724 0.445458 0.165092 0.0337684 0.00361574 0.00015874 0 0 0 
0 0 8.9291e-05 0.00217275 0.0219656 0.118456 0.362694 0.618965 0.561631 0.395925 0.544758 0.497933 0.322352 0.209234 -0.189187 0.0027395 0.0437448 0.0133103 -0.0842693 0.129414 -0.143856 0.129414 -0.0842693 0.0133103 0.0437448 0.0027395 -0.189187 0.209234 0.322352 0.497933 0.544758 0.395925 0.561631 0.618965 0.362694 0.118456 0.0219656 0.00217275 8.9291e-05 0 0 
0 5.02262e-05 0.0013003 0.0141483 0.083458 0.286252 0.567065 0.616069 0.419578 0.478447 0.561383 0.340001 0.264372 -0.087836 -0.118602 0.0974505 -0.00355976 -0.0517185 0.0594625 -0.0480904 0.0415418 -0.0480904 0.0594625 -0.0517185 -0.00355976 0.0974505 -0.118602 -0.087836 0.264372 0.340001 0.561383 0.478447 0.419578 0.616069 0.567065 0.286252 0.083458 0.0141483 0.0013003 5.02262e-05 0 
0 0.000775367 0.00903514 0.0578835 0.220035 0.497933 0.641044 0.475082 0.421165 0.574507 0.406829 0.264054 0.0508164 -0.204095 0.0908181 0.0138135 -0.0211353 -0.0271186 0.0801565 -0.114678 0.126103 -0.114678 0.0801565 -0.0271186 -0.0211353 0.0138135 0.0908181 -0.204095 0.0508164 0.264054 0.406829 0.574507 0.421165 0.475082 0.641044 0.497933 0.220035 0.0578835 0.00903514 0.000775367 0 
0 0.00571048 0.0396011 0.165352 0.42172 0.633797 0.541169 0.39712 0.539335 0.489993 0.266283 0.148472 -0.186181 -0.011078 0.0910346 -0.0461671 -0.0224178 0.0611891 -0.0690862 0.0637684 -0.0602141 0.0637684 -0.0690862 0.0611891 -0.0224178 -0.0461671 0.0910346 -0.011078 -0.186181 0.148472 0.266283 0.489993 0.539335 0.39712 0.541169 0.633797 0.42172 0.165352 0.0396011 0.00571048 0 
0 0.0264969 0.121838 0.346292 0.598491 0.598264 0.41237 0.480182 0.549754 0.307397 0.185305 -0.0890837 -0.13644 0.140882 -0.0433632 -0.0156127 0.00996965 0.029188 -0.0703184 0.0977439 -0.107051 0.0977439 -0.0703184 0.029188 0.00996965 -0.0156127 -0.0433632 0.140882 -0.13644 -0.0890837 0.185305 0.307397 0.549754 0.480182 0.41237 0.598264 0.598491 0.346292 0.121838 0.0264969 0 
0 0.0860084 0.276701 0.542839 0.633272 0.458293 0.42628 0.564234 0.384713 0.192451 0.018661 -0.198934 0.0959322 0.0332107 -0.0585132 0.0137221 0.0387773 -0.0695957 0.0789569 -0.0780129 0.0765061 -0.0780129 0.0789569 -0.0695957 0.0387773 0.0137221 -0.0585132 0.0332107 0.0959322 -0.198934 0.018661 0.192451 0.384713 0.564234 0.42628 0.458293 0.633272 0.542839 0.276701 0.0860084 0 
0 0.204405 0.474002 0.640552 0.51876 0.398741 0.535797 0.469707 0.212505 0.0878948 -0.172624 -0.0205247 0.127162 -0.0907749 0.0185638 0.0165181 -0.00746838 -0.0238588 0.0563758 -0.0785573 0.0862297 -0.0785573 0.0563758 -0.0238588 -0.00746838 0.0165181 0.0185638 -0.0907749 0.127162 -0.0205247 -0.172624 0.0878948 0.212505 0.469707 0.535797 0.398741 0.51876 0.640552 0.474002 0.204405 0 
0 0.359472 0.613339 0.576073 0.405245 0.483793 0.531044 0.267679 0.114879 -0.0931097 -0.131811 0.155402 -0.0472717 -0.0306681 0.0329871 0.00697247 -0.0494413 0.0762297 -0.0872371 0.0894908 -0.0894321 0.0894908 -0.0872371 0.0762297 -0.0494413 0.00697247 0.0329871 -0.0306681 -0.0472717 0.155402 -0.131811 -0.0931097 0.114879 0.267679 0.531044 0.483793 0.405245 0.576073 0.613339 0.359472 0 
0 0.455136 0.588913 0.436465 0.432004 0.55124 0.35157 0.127844 -0.01379 -0.17889 0.0923287 0.0557675 -0.0983615 0.0559052 -0.00302887 -0.0196727 0.0110085 0.0136782 -0.0394905 0.0574854 -0.0638056 0.0574854 -0.0394905 0.0136782 0.0110085 -0.0196727 -0.00302887 0.0559052 -0.0983615 0.0557675 0.0923287 -0.17889 -0.01379 0.127844 0.35157 0.55124 0.432004 0.436465 0.588913 0.455136 0 
0 0.370036 0.403486 0.3801 0.528343 0.439302 0.158565 0.0341857 -0.155659 -0.019241 0.143342 -0.109999 0.0240213 0.0225531 -0.0152566 -0.0196975 0.0557018 -0.0802824 0.0927124 -0.0972951 0.0982733 -0.0972951 0.0927124 -0.0802824 0.0557018 -0.0196975 -0.0152566 0.0225531 0.0240213 -0.109999 0.143342 -0.019241 -0.155659 0.0341857 0.158565 0.439302 0.528343 0.3801 0.403486 0.370036 0 
0 0.0956059 0.186088 0.420276 0.491209 0.219535 0.0535113 -0.0962971 -0.114005 0.155126 -0.0396017 -0.0578747 0.0701917 -0.0312411 -0.00871442 0.0251878 -0.0185081 -0.000442302 0.0207264 -0.0351892 0.0403377 -0.0351892 0.0207264 -0.000442302 -0.0185081 0.0251878 -0.00871442 -0.0312411 0.0701917 -0.0578747 -0.0396017 0.155126 -0.114005 -0.0962971 0.0535113 0.219535 0.491209 0.420276 0.186088 0.0956059 0 
0 -0.181706 0.049525 0.368622 0.261359 0.0591961 -0.0424212 -0.152473 0.0889956 0.0685725 -0.12329 0.0765657 -0.0127312 -0.0153081 0.00422645 0.0264241 -0.0579771 0.0811432 -0.0946195 0.100853 -0.102566 0.100853 -0.0946195 0.0811432 -0.0579771 0.0264241 0.00422645 -0.0153081 -0.0127312 0.0765657 -0.12329 0.0685725 0.0889956 -0.152473 -0.0424212 0.0591961 0.261359 0.368622 0.049525 -0.181706 0 
0 -0.226741 -0.0376137 0.0771401 -0.0218726 -0.0445854 -0.143098 -0.010919 0.144682 -0.114416 0.0133632 0.0483578 -0.0468741 0.0130626 0.0186653 -0.0323014 0.0282848 -0.0143929 -0.00114552 0.0125191 -0.0166228 0.0125191 -0.00114552 -0.0143929 0.0282848 -0.0323014 0.0186653 0.0130626 -0.0468741 0.0483578 0.0133632 -0.114416 0.144682 -0.010919 -0.143098 -0.0445854 -0.0218726 0.0771401 -0.0376137 -0.226741 0 
0 -0.0378499 -0.166587 -0.334585 -0.262186 -0.191004 -0.114011 0.14381 -0.0328997 -0.0797858 0.0978252 -0.0531025 0.00626533 0.0108705 0.00128394 -0.0282784 0.0564607 -0.0784712 0.0925631 -0.0998937 0.102105 -0.0998937 0.0925631 -0.0784712 0.0564607 -0.0282784 0.00128394 0.0108705 0.00626533 -0.0531025 0.0978252 -0.0797858 -0.0328997 0.14381 -0.114011 -0.191004 -0.262186 -0.334585 -0.166587 -0.0378499 0 
0 0.0999167 -0.317645 -0.611087 -0.503184 -0.334154 0.0167918 0.0541155 -0.137455 0.0811236 -0.00251581 -0.0362715 0.0286007 0.00069548 -0.0273338 0.0400392 -0.0389283 0.0295566 -0.018192 0.00957459 -0.00641601 0.00957459 -0.018192 0.0295566 -0.0389283 0.0400392 -0.0273338 0.00069548 0.0286007 -0.0362715 -0.00251581 0.0811236 -0.137455 0.0541155 0.0167918 -0.334154 -0.503184 -0.611087 -0.317645 0.0999167 0 
0 -0.0533983 -0.398885 -0.661832 -0.709798 -0.374976 -0.0288178 -0.164332 -0.0113019 0.0720351 -0.0747972 0.0360377 -0.0012512 -0.00954929 -0.0022878 0.0260402 -0.0513754 0.072203 -0.0864698 0.0944294 -0.0969473 0.0944294 -0.0864698 0.072203 -0.0513754 0.0260402 -0.0022878 -0.00954929 -0.0012512 0.0360377 -0.0747972 0.0720351 -0.0113019 -0.164332 -0.0288178 -0.374976 -0.709798 -0.661832 -0.398885 -0.0533983 0 
0 -0.371013 -0.433697 -0.591651 -0.701094 -0.409422 -0.345368 -0.220474 0.0756492 -0.0665237 -0.00214081 0.0250273 -0.0147958 -0.0110418 0.0346081 -0.0474395 0.0492366 -0.0439169 0.0362617 -0.030121 0.0278203 -0.030121 0.0362617 -0.0439169 0.0492366 -0.0474395 0.0346081 -0.0110418 -0.0147958 0.0250273 -0.00214081 -0.0665237 0.0756492 -0.220474 -0.345368 -0.409422 -0.701094 -0.591651 -0.433697 -0.371013 0 
0 -0.515193 -0.522098 -0.494182 -0.466762 -0.571903 -0.627696 -0.180299 -0.083941 -0.0888949 0.0495823 -0.0236657 -0.00382831 0.0110322 -0.00032582 -0.0203871 0.0430695 -0.0625375 0.0765525 -0.0847392 0.0874039 -0.0847392 0.0765525 -0.0625375 0.0430695 -0.0203871 -0.00032582 0.0110322 -0.00382831 -0.0236657 0.0495823 -0.0888949 -0.083941 -0.180299 -0.627696 -0.571903 -0.466762 -0.494182 -0.522098 -0.515193 0 
0 -0.373461 -0.590912 -0.396992 -0.306996 -0.706626 -0.626979 -0.337584 -0.300519 -0.0305861 -0.01779 -0.0199981 0.00433968 0.0183582 -0.0401554 0.0536441 -0.0581959 0.0564839 -0.0521213 0.0481996 -0.0466734 0.0481996 -0.0521213 0.0564839 -0.0581959 0.0536441 -0.0401554 0.0183582 0.00433968 -0.0199981 -0.01779 -0.0305861 -0.300519 -0.337584 -0.626979 -0.706626 -0.306996 -0.396992 -0.590912 -0.373461 0 
0 -0.143974 -0.42833 -0.358259 -0.422644 -0.571756 -0.508279 -0.636804 -0.386109 -0.116917 -0.0936022 -0.00139845 0.00670309 -0.0151151 0.00569116 0.0120031 -0.0320439 0.0499074 -0.0632742 0.0713418 -0.0740185 0.0713418 -0.0632742 0.0499074 -0.0320439 0.0120031 0.00569116 -0.0151151 0.00670309 -0.00139845 -0.0936022 -0.116917 -0.386109 -0.636804 -0.508279 -0.571756 -0.422644 -0.358259 -0.42833 -0.143974 0 
0 0.00654802 -0.0663826 -0.395158 -0.585952 -0.317304 -0.49758 -0.722713 -0.461294 -0.341554 -0.130664 -0.0301063 -0.00776332 -0.0246121 0.0433847 -0.0579648 0.0649822 -0.0664313 0.0649592 -0.0630027 0.0621667 -0.0630027 0.0649592 -0.0664313 0.0649822 -0.0579648 0.0433847 -0.0246121 -0.00776332 -0.0301063 -0.130664 -0.341554 -0.461294 -0.722713 -0.49758 -0.317304 -0.585952 -0.395158 -0.0663826 0.00654802 0 
0 0.112363 0.151652 -0.354441 -0.490823 -0.315372 -0.512114 -0.534937 -0.616174 -0.514919 -0.229788 -0.10281 -0.0442751 0.0136165 -0.0141791 -0.00176592 0.0189305 -0.0349428 0.0473068 -0.0549609 0.0575364 -0.0549609 0.0473068 -0.0349428 0.0189305 -0.00176592 -0.0141791 0.0136165 -0.0442751 -0.10281 -0.229788 -0.514919 -0.616174 -0.534937 -0.512114 -0.315372 -0.490823 -0.354441 0.151652 0.112363 0 
0 0.177074 0.0629092 -0.105762 -0.220289 -0.522798 -0.428818 -0.380018 -0.668402 -0.584854 -0.417873 -0.214013 -0.0811488 0.00364605 -0.0491255 0.0590923 -0.0690667 0.0731148 -0.0741365 0.0738863 -0.0736534 0.0738863 -0.0741365 0.0731148 -0.0690667 0.0590923 -0.0491255 0.00364605 -0.0811488 -0.214013 -0.417873 -0.584854 -0.668402 -0.380018 -0.428818 -0.522798 -0.220289 -0.105762 0.0629092 0.177074 0 
0 0.0779633 -0.056494 0.173373 -0.055495 -0.507199 -0.370936 -0.414765 -0.511418 -0.607857 -0.585213 -0.365151 -0.145061 -0.0837054 0.00648462 -0.0130114 -0.00499735 0.0183665 -0.0294882 0.0364795 -0.0388611 0.0364795 -0.0294882 0.0183665 -0.00499735 -0.0130114 0.00648462 -0.0837054 -0.145061 -0.365151 -0.585213 -0.607857 -0.511418 -0.414765 -0.370936 -0.507199 -0.055495 0.173373 -0.056494 0.0779633 0 
0 -0.140634 0.0290354 0.19447 -0.0160459 -0.160868 -0.414356 -0.479226 -0.354314 -0.563876 -0.641506 -0.516274 -0.298262 -0.154838 0.000396286 -0.0696407 0.0677062 -0.0764423 0.0791853 -0.0804131 0.0806894 -0.0804131 0.0791853 -0.0764423 0.0677062 -0.0696407 0.000396286 -0.154838 -0.298262 -0.516274 -0.641506 -0.563876 -0.354314 -0.479226 -0.414356 -0.160868 -0.0160459 0.19447 0.0290354 -0.140634 0 
0 -0.184686 0.112183 0.00409452 0.0603559 0.124338 -0.351678 -0.436935 -0.385352 -0.445684 -0.583689 -0.615208 -0.493418 -0.219327 -0.132407 -0.00961652 -0.0179313 -0.00262698 0.0105441 -0.0169115 0.0189995 -0.0169115 0.0105441 -0.00262698 -0.0179313 -0.00961652 -0.132407 -0.219327 -0.493418 -0.615208 -0.583689 -0.445684 -0.385352 -0.436935 -0.351678 0.124338 0.0603559 0.00409452 0.112183 -0.184686 0 
0 0.0421369 -0.0324579 -0.0938343 0.141101 0.105795 -0.0691981 -0.317671 -0.479342 -0.371182 -0.465973 -0.627906 -0.602905 -0.3891 -0.245033 -0.0233391 -0.0902831 0.0699883 -0.0809496 0.0822338 -0.0830903 0.0822338 -0.0809496 0.0699883 -0.0902831 -0.0233391 -0.245033 -0.3891 -0.602905 -0.627906 -0.465973 -0.371182 -0.479342 -0.317671 -0.0691981 0.105795 0.141101 -0.0938343 -0.0324579 0.0421369 0 
0 0.203298 -0.169663 -0.025088 0.0698352 0.00867799 0.17195 -0.149581 -0.421552 -0.41084 -0.386025 -0.535453 -0.60619 -0.5981 -0.313994 -0.199421 -0.0348262 -0.0324516 0.00425 -0.00340627 0.000809589 -0.00340627 0.00425 -0.0324516 -0.0348262 -0.199421 -0.313994 -0.5981 -0.60619 -0.535453 -0.386025 -0.41084 -0.421552 -0.149581 0.17195 0.00867799 0.0698352 -0.025088 -0.169663 0.203298 0 
0 0.040313 -0.0157545 0.015729 -0.0892255 0.0378019 0.140396 0.0463864 -0.204754 -0.442565 -0.404089 -0.398736 -0.565135 -0.651841 -0.478317 -0.347365 -0.0706179 -0.115583 0.0644982 -0.0823683 0.0799666 -0.0823683 0.0644982 -0.115583 -0.0706179 -0.347365 -0.478317 -0.651841 -0.565135 -0.398736 -0.404089 -0.442565 -0.204754 0.0463864 0.140396 0.0378019 -0.0892255 0.015729 -0.0157545 0.040313 0 
0 -0.176886 0.187402 -0.0202004 -0.117796 0.0531819 -0.00174727 0.153968 0.0195421 -0.318878 -0.440785 -0.358629 -0.479254 -0.559202 -0.666587 -0.4133 -0.287373 -0.0721255 -0.0591614 0.0125955 -0.0235032 0.0125955 -0.0591614 -0.0721255 -0.287373 -0.4133 -0.666587 -0.559202 -0.479254 -0.358629 -0.440785 -0.318878 0.0195421 0.153968 -0.00174727 0.0531819 -0.117796 -0.0202004 0.187402 -0.176886 0 
0 -0.0896746 0.06887 0.00574874 0.00470581 -0.058511 -0.0254027 0.0983453 0.129091 -0.0734021 -0.362696 -0.432586 -0.370492 -0.481996 -0.651979 -0.550874 -0.453885 -0.142453 -0.14975 0.0468905 -0.086362 0.0468905 -0.14975 -0.142453 -0.453885 -0.550874 -0.651979 -0.481996 -0.370492 -0.432586 -0.362696 -0.0734021 0.129091 0.0983453 -0.0254027 -0.058511 0.00470581 0.00574874 0.06887 -0.0896746 0 
0 0.13716 -0.174349 0.0666169 0.0922352 -0.116021 0.00192667 -0.00959114 0.107443 0.123248 -0.161192 -0.432302 -0.35938 -0.437685 -0.484885 -0.690764 -0.499773 -0.392065 -0.125624 -0.104379 0.000688254 -0.104379 -0.125624 -0.392065 -0.499773 -0.690764 -0.484885 -0.437685 -0.35938 -0.432302 -0.161192 0.123248 0.107443 -0.00959114 0.00192667 -0.116021 0.0922352 0.0666169 -0.174349 0.13716 0 
0 0.111618 -0.106801 0.00635219 0.0482102 0.00995861 -0.0435683 -0.0452169 0.0288538 0.151011 0.0478102 -0.2385 -0.433332 -0.375876 -0.407047 -0.607414 -0.592508 -0.55239 -0.239421 -0.208499 -0.0304626 -0.208499 -0.239421 -0.55239 -0.592508 -0.607414 -0.407047 -0.375876 -0.433332 -0.2385 0.0478102 0.151011 0.0288538 -0.0452169 -0.0435683 0.00995861 0.0482102 0.00635219 -0.106801 0.111618 0 
0 -0.0995693 0.147257 -0.094016 -0.0408765 0.127346 -0.0598817 -0.0382506 -0.0226873 0.0520095 0.153814 0.00675832 -0.365372 -0.36392 -0.424382 -0.402973 -0.671061 -0.559236 -0.511869 -0.229866 -0.261904 -0.229866 -0.511869 -0.559236 -0.671061 -0.402973 -0.424382 -0.36392 -0.365372 0.00675832 0.153814 0.0520095 -0.0226873 -0.0382506 -0.0598817 0.127346 -0.0408765 -0.094016 0.147257 -0.0995693 0 
0 -0.11591 0.126759 -0.0287774 -0.065229 0.0447926 0.0412879 -0.0346974 -0.0409657 -0.0317438 0.119834 0.125411 -0.0872725 -0.386791 -0.395665 -0.361374 -0.535913 -0.60234 -0.652335 -0.427882 -0.457303 -0.427882 -0.652335 -0.60234 -0.535913 -0.361374 -0.395665 -0.386791 -0.0872725 0.125411 0.119834 -0.0317438 -0.0409657 -0.0346974 0.0412879 0.0447926 -0.065229 -0.0287774 0.126759 -0.11591 0 
0 0.06945 -0.117729 0.103446 -0.00719035 -0.101619 0.101687 0.00807156 -0.050531 -0.0354222 0.00372871 0.121292 0.141983 -0.246174 -0.342668 -0.437242 -0.339952 -0.636201 -0.638423 -0.768701 -0.619603 -0.768701 -0.638423 -0.636201 -0.339952 -0.437242 -0.342668 -0.246174 0.141983 0.121292 0.00372871 -0.0354222 -0.050531 0.00807156 0.101687 -0.101619 -0.00719035 0.103446 -0.117729 0.06945 0 
0 0.110456 -0.132518 0.0490255 0.0599651 -0.0805549 -0.00493223 0.0705354 -0.0186336 -0.0255769 -0.0682691 0.0626821 0.141261 0.0585036 -0.288591 -0.405186 -0.365357 -0.504672 -0.696543 -0.952372 -0.949639 -0.952372 -0.696543 -0.504672 -0.365357 -0.405186 -0.288591 0.0585036 0.141261 0.0626821 -0.0682691 -0.0255769 -0.0186336 0.0705354 -0.00493223 -0.0805549 0.0599651 0.0490255 -0.132518 0.110456 0 
0 -0.0473424 0.0914845 -0.10136 0.0419244 0.0620897 -0.111639 0.0403911 0.0595157 -0.0358403 -0.0425924 -0.0253872 0.0497878 0.214492 -0.104858 -0.285141 -0.49153 -0.402706 -0.790639 -0.990601 -1.28275 -0.990601 -0.790639 -0.402706 -0.49153 -0.285141 -0.104858 0.214492 0.0497878 -0.0253872 -0.0425924 -0.0358403 0.0595157 0.0403911 -0.111639 0.0620897 0.0419244 -0.10136 0.0914845 -0.0473424 0 
0 -0.10042 0.128922 -0.0626726 -0.0453706 0.095669 -0.0351063 -0.0645124 0.0732697 0.00373597 -0.00343973 -0.0808485 0.00867434 0.0981996 0.1571 -0.179781 -0.451646 -0.568916 -0.779001 -1.08069 -1.28719 -1.08069 -0.779001 -0.568916 -0.451646 -0.179781 0.1571 0.0981996 0.00867434 -0.0808485 -0.00343973 0.00373597 0.0732697 -0.0645124 -0.0351063 0.095669 -0.0453706 -0.0626726 0.128922 -0.10042 0 
0 0.0319931 -0.0704178 0.0935186 -0.0630632 -0.0236475 0.0984464 -0.0753726 -0.0295915 0.0783886 -0.00379314 -0.0424108 -0.0324377 -0.0353193 0.196431 -0.0378498 -0.324802 -0.787335 -0.818888 -1.11723 -1.05932 -1.11723 -0.818888 -0.787335 -0.324802 -0.0378498 0.196431 -0.0353193 -0.0324377 -0.0424108 -0.00379314 0.0783886 -0.0295915 -0.0753726 0.0984464 -0.0236475 -0.0630632 0.0935186 -0.0704178 0.0319931 0 
0 0.0888042 -0.119937 0.0694183 0.0294927 -0.0964575 0.0655481 0.0372923 -0.0974658 0.0460752 0.0203582 0.0233592 -0.0807806 -0.0368578 -0.0263801 0.0744537 -0.296722 -0.763328 -1.00884 -0.953383 -0.896595 -0.953383 -1.00884 -0.763328 -0.296722 0.0744537 -0.0263801 -0.0368578 -0.0807806 0.0233592 0.0203582 0.0460752 -0.0974658 0.0372923 0.0655481 -0.0964575 0.0294927 0.0694183 -0.119937 0.0888042 0 
0 -0.0217539 0.0544732 -0.0836524 0.0736598 -0.00729233 -0.0743723 0.0900497 -0.00879682 -0.0814458 0.0606635 0.0288626 -0.0458382 -0.0572091 -0.198366 -0.0787481 -0.322321 -0.614958 -1.0295 -0.788787 -0.797761 -0.788787 -1.0295 -0.614958 -0.322321 -0.0787481 -0.198366 -0.0572091 -0.0458382 0.0288626 0.0606635 -0.0814458 -0.00879682 0.0900497 -0.0743723 -0.00729233 0.0736598 -0.0836524 0.0544732 -0.0217539 0 
0 -0.0771977 0.10831 -0.0705394 -0.0161968 0.089676 -0.0840729 -0.00528141 0.0946082 -0.0881653 0.00314421 0.0102348 0.0247272 -0.150565 -0.223666 -0.436245 -0.375519 -0.535161 -0.681576 -0.76464 -0.688831 -0.76464 -0.681576 -0.535161 -0.375519 -0.436245 -0.223666 -0.150565 0.0247272 0.0102348 0.00314421 -0.0881653 0.0946082 -0.00528141 -0.0840729 0.089676 -0.0161968 -0.0705394 0.10831 -0.0771977 0 
0 0.0151302 -0.0428042 0.0737441 -0.0770677 0.0293571 0.0482805 -0.0887448 0.0390153 0.0592869 -0.101748 -0.00422949 -0.0114613 -0.186438 -0.327422 -0.640008 -0.552674 -0.447923 -0.298015 -0.651127 -0.665187 -0.651127 -0.298015 -0.447923 -0.552674 -0.640008 -0.327422 -0.186438 -0.0114613 -0.00422949 -0.101748 0.0592869 0.0390153 -0.0887448 0.0482805 0.0293571 -0.0770677 0.0737441 -0.0428042 0.0151302 0 
0 0.0663593 -0.0957717 0.0676375 0.00675704 -0.0801813 0.0929127 -0.0232664 -0.0770399 0.104754 -0.0612041 -0.0776159 -0.142007 -0.203191 -0.527704 -0.618816 -0.720032 -0.335284 -0.197404 -0.346897 -0.625726 -0.346897 -0.197404 -0.335284 -0.720032 -0.618816 -0.527704 -0.203191 -0.142007 -0.0776159 -0.0612041 0.104754 -0.0770399 -0.0232664 0.0929127 -0.0801813 0.00675704 0.0676375 -0.0957717 0.0663593 0 
0 -0.0109374 0.0343771 -0.064632 0.0759242 -0.0434515 -0.0251712 0.0773151 -0.0605884 -0.0453894 0.0634598 -0.17799 -0.270748 -0.368066 -0.596698 -0.603308 -0.614035 -0.361508 -0.25844 -0.115418 -0.272582 -0.115418 -0.25844 -0.361508 -0.614035 -0.603308 -0.596698 -0.368066 -0.270748 -0.17799 0.0634598 -0.0453894 -0.0605884 0.0773151 -0.0251712 -0.0434515 0.0759242 -0.064632 0.0343771 -0.0109374 0 
0 -0.0565925 0.0833439 -0.062146 -0.00112039 0.0707098 -0.0958893 0.0426773 0.0419833 -0.142855 -0.00891967 -0.194725 -0.402055 -0.606805 -0.540804 -0.590116 -0.359958 -0.471803 -0.297002 -0.0527937 0.257371 -0.0527937 -0.297002 -0.471803 -0.359958 -0.590116 -0.540804 -0.606805 -0.402055 -0.194725 -0.00891967 -0.142855 0.0419833 0.0426773 -0.0958893 0.0707098 -0.00112039 -0.062146 0.0833439 -0.0565925 0 
0 0.00829998 -0.0282416 0.056505 -0.0720874 0.0507547 0.00504834 -0.0702945 0.0409741 -0.0610101 -0.261153 -0.223567 -0.531911 -0.693247 -0.549773 -0.419722 -0.298257 -0.420859 -0.296522 0.046931 0.438389 0.046931 -0.296522 -0.420859 -0.298257 -0.419722 -0.549773 -0.693247 -0.531911 -0.223567 -0.261153 -0.0610101 0.0409741 -0.0702945 0.00504834 0.0507547 -0.0720874 0.056505 -0.0282416 0.00829998 0 
0 0.047969 -0.0716025 0.0551528 -0.00162255 -0.0640089 0.0893154 -0.0782974 -0.0799898 -0.03438 -0.379664 -0.446995 -0.579075 -0.608233 -0.566293 -0.254158 -0.373844 -0.231013 -0.17279 0.173658 0.179017 0.173658 -0.17279 -0.231013 -0.373844 -0.254158 -0.566293 -0.608233 -0.579075 -0.446995 -0.379664 -0.03438 -0.0799898 -0.0782974 0.0893154 -0.0640089 -0.00162255 0.0551528 -0.0716025 0.047969 0 
0 -0.00660349 0.0235954 -0.0494354 0.0656861 -0.0574353 -0.00694469 0.00702991 -0.174346 -0.227628 -0.341826 -0.706844 -0.568345 -0.483227 -0.430828 -0.331493 -0.301765 -0.0887583 0.113069 0.108523 -0.0863838 0.108523 0.113069 -0.0887583 -0.301765 -0.331493 -0.430828 -0.483227 -0.568345 -0.706844 -0.341826 -0.227628 -0.174346 0.00702991 -0.00694469 -0.0574353 0.0656861 -0.0494354 0.0235954 -0.00660349 0 
0 -0.0404747 0.0607267 -0.0481879 -0.00101682 0.0467951 -0.123745 -0.0175276 -0.196649 -0.455141 -0.445074 -0.683465 -0.587642 -0.376626 -0.268962 -0.447982 -0.126592 0.0472082 0.282843 -0.0636902 -0.132515 -0.0636902 0.282843 0.0472082 -0.126592 -0.447982 -0.268962 -0.376626 -0.587642 -0.683465 -0.445074 -0.455141 -0.196649 -0.0175276 -0.123745 0.0467951 -0.00101682 -0.0481879 0.0607267 -0.0404747 0 
0 0.00534692 -0.0203323 0.0408578 -0.0673593 0.0282025 -0.0848692 -0.202588 -0.263598 -0.53159 -0.68808 -0.472091 -0.542142 -0.32816 -0.268355 -0.28299 -0.0344384 0.217956 0.125147 -0.0796919 -0.101218 -0.0796919 0.125147 0.217956 -0.0344384 -0.28299 -0.268355 -0.32816 -0.542142 -0.472091 -0.68808 -0.53159 -0.263598 -0.202588 -0.0848692 0.0282025 -0.0673593 0.0408578 -0.0203323 0.00534692 0 
