0 0 0 0 0 0 0 0 0 0 0 0 0 0 0 0 0 1 1 1 1 1 1 1 0 0 0 0 0 0 0 0 0 0 0 0 0 0 0 0 0 
0 0 0 0 0 0 0 0 0 0 0 0 0 0 0 0 0 1 1 1 1 1 1 1 0 0 0 0 0 0 0 0 0 0 0 0 0 0 0 0 0 
0 0 0 0 0 0 0 0 0 0 0 0 0 0 0 0 0.5625 0.4375 1 1 1 1 1 0.4375 0.5625 0 0 0 0 0 0 0 0 0 0 0 0 0 0 0 0 
0 0 0 0 0 0 0 0 0 0 0 0 0 0 0 0.316406 0.738281 0.261719 0.683594 1 1 1 0.683594 0.261719 0.738281 0.316406 0 0 0 0 0 0 0 0 0 0 0 0 0 0 0 
0 0 0 0 0 0 0 0 0 0 0 0 0 0 0.177979 0.692139 0.408691 0.591309 0.307861 0.822021 1 0.822021 0.307861 0.591309 0.408691 0.692139 0.177979 0 0 0 0 0 0 0 0 0 0 0 0 0 0 
0 0 0 0 0 0 0 0 0 0 0 0 0 0.100113 0.545059 0.619217 0.341263 0.658737 0.380783 0.454941 0.799774 0.454941 0.380783 0.658737 0.341263 0.619217 0.545059 0.100113 0 0 0 0 0 0 0 0 0 0 0 0 0 
0 0 0 0 0 0 0 0 0 0 0 0 0.0563135 0.394195 0.703571 0.348232 0.608763 0.391237 0.651768 0.240115 0.211611 0.240115 0.651768 0.391237 0.608763 0.348232 0.703571 0.394195 0.0563135 0 0 0 0 0 0 0 0 0 0 0 0 
0 0 0 0 0 0 0 0 0 0 0 0.0316764 0.271009 0.672243 0.488181 0.423674 0.607356 0.392644 0.544649 0.24081 -0.344485 0.24081 0.544649 0.392644 0.607356 0.423674 0.488181 0.672243 0.271009 0.0316764 0 0 0 0 0 0 0 0 0 0 0 
0 0 0 0 0 0 0 0 0 0 0.0178179 0.180159 0.576774 0.621062 0.34004 0.638722 0.381853 0.600329 0.181119 0.0831863 -0.242124 0.0831863 0.181119 0.600329 0.381853 0.638722 0.34004 0.621062 0.576774 0.180159 0.0178179 0 0 0 0 0 0 0 0 0 0 
0 0 0 0 0 0 0 0 0 0.0100226 0.11693 0.460421 0.684355 0.386894 0.517983 0.541273 0.423731 0.449316 -0.00169323 -0.202338 0.226212 -0.202338 -0.00169323 0.449316 0.423731 0.541273 0.517983 0.386894 0.684355 0.460421 0.11693 0.0100226 0 0 0 0 0 0 0 0 0 
0 0 0 0 0 0 0 0 0.00563771 0.0745431 0.34912 0.673432 0.498652 0.393786 0.635289 0.364605 0.546118 0.0302185 -0.043675 -0.13394 0.212429 -0.13394 -0.043675 0.0302185 0.546118 0.364605 0.635289 0.393786 0.498652 0.673432 0.34912 0.0745431 0.00563771 0 0 0 0 0 0 0 0 
0 0 0 0 0 0 0 0.00317121 0.0468635 0.254754 0.609286 0.605704 0.352275 0.59551 0.46449 0.442299 0.27621 -0.14025 -0.0948659 0.180064 -0.191019 0.180064 -0.0948659 -0.14025 0.27621 0.442299 0.46449 0.59551 0.352275 0.605704 0.609286 0.254754 0.0468635 0.00317121 0 0 0 0 0 0 0 
0 0 0 0 0 0 0.00178381 0.0291355 0.180451 0.517451 0.668012 0.397437 0.485272 0.586715 0.354907 0.43905 -0.134532 -0.0509312 -0.0169374 0.130686 -0.176999 0.130686 -0.0169374 -0.0509312 -0.134532 0.43905 0.354907 0.586715 0.485272 0.397437 0.668012 0.517451 0.180451 0.0291355 0.00178381 0 0 0 0 0 0 
0 0 0 0 0 0.00100339 0.0179496 0.124829 0.418486 0.675276 0.489849 0.390776 0.625923 0.390467 0.423047 0.0658307 -0.175609 0.0104839 0.124908 -0.174803 0.183167 -0.174803 0.124908 0.0104839 -0.175609 0.0658307 0.423047 0.390467 0.625923 0.390776 0.489849 0.675276 0.418486 0.124829 0.0179496 0.00100339 0 0 0 0 0 
0 0 0 0 0.000564408 0.0109746 0.0847029 0.325585 0.635783 0.584354 0.36026 0.572114 0.50186 0.344989 0.271926 -0.242264 0.0238009 0.0315851 0.0338023 -0.110346 0.140617 -0.110346 0.0338023 0.0315851 0.0238009 -0.242264 0.271926 0.344989 0.50186 0.572114 0.36026 0.584354 0.635783 0.325585 0.0847029 0.0109746 0.000564408 0 0 0 0 
0 0 0 0.000317479 0.00666706 0.0565623 0.24548 0.565331 0.649666 0.396308 0.475891 0.594767 0.329075 0.346653 -0.127328 -0.111465 0.0779281 0.0495548 -0.139634 0.17636 -0.184267 0.17636 -0.139634 0.0495548 0.0779281 -0.111465 -0.127328 0.346653 0.329075 0.594767 0.475891 0.396308 0.649666 0.565331 0.24548 0.0565623 0.00666706 0.000317479 0 0 0 
0 0 0.000178582 0.00402802 0.0372641 0.18035 0.479907 0.672599 0.473596 0.395541 0.613625 0.4011 0.315629 0.0718151 -0.251045 0.116944 0.00956155 -0.0229342 -0.0289046 0.0824673 -0.103445 0.0824673 -0.0289046 -0.0229342 0.00956155 0.116944 -0.251045 0.0718151 0.315629 0.4011 0.613625 0.395541 0.473596 0.672599 0.479907 0.18035 0.0372641 0.00402802 0.000178582 0 0 
0 0.000100452 0.00242202 0.0242686 0.129652 0.392153 0.654223 0.559539 0.36556 0.561352 0.509141 0.278901 0.213115 -0.247487 0.0138409 0.0779567 -0.0166811 -0.0805027 0.14783 -0.178648 0.186529 -0.178648 0.14783 -0.0805027 -0.0166811 0.0779567 0.0138409 -0.247487 0.213115 0.278901 0.509141 0.561352 0.36556 0.559539 0.654223 0.392153 0.129652 0.0242686 0.00242202 0.000100452 0 
0 0.00145028 0.0156483 0.0914985 0.310418 0.603713 0.627864 0.390625 0.47677 0.587661 0.304516 0.249207 -0.111482 -0.160704 0.167795 -0.0503297 -0.0255896 0.0262654 0.0124833 -0.0507079 0.0656783 -0.0507079 0.0124833 0.0262654 -0.0255896 -0.0503297 0.167795 -0.160704 -0.111482 0.249207 0.304516 0.587661 0.47677 0.390625 0.627864 0.603713 0.310418 0.0914985 0.0156483 0.00145028 0 
0 0.00997069 0.0635539 0.239205 0.533021 0.66388 0.454474 0.403615 0.6019 0.392325 0.228049 0.0477369 -0.260879 0.138548 0.0142739 -0.0420044 -0.019246 0.0961127 -0.150656 0.178245 -0.186106 0.178245 -0.150656 0.0961127 -0.019246 -0.0420044 0.0142739 0.138548 -0.260879 0.0477369 0.228049 0.392325 0.6019 0.403615 0.454474 0.66388 0.533021 0.239205 0.0635539 0.00997069 0 
0 0.0430231 0.180123 0.453379 0.66396 0.532648 0.370266 0.556748 0.497608 0.22247 0.142562 -0.225904 -0.0120016 0.143217 -0.101 0.010779 0.0391853 -0.0377366 0.010019 0.0172432 -0.0279962 0.0172432 0.010019 -0.0377366 0.0391853 0.010779 -0.101 0.143217 -0.0120016 -0.225904 0.142562 0.22247 0.497608 0.556748 0.370266 0.532648 0.66396 0.453379 0.180123 0.0430231 0 
0 0.128994 0.37328 0.632298 0.602584 0.383939 0.482294 0.571719 0.271818 0.162432 -0.10524 -0.171963 0.203866 -0.0767959 -0.0160262 0.0166651 0.0383694 -0.101455 0.147895 -0.173269 0.181008 -0.173269 0.147895 -0.101455 0.0383694 0.0166651 -0.0160262 -0.0767959 0.203866 -0.171963 -0.10524 0.162432 0.271818 0.571719 0.482294 0.383939 0.602584 0.632298 0.37328 0.128994 0 
0 0.279816 0.574724 0.648806 0.434935 0.413543 0.589299 0.367694 0.153192 0.013358 -0.240008 0.130914 0.0504574 -0.104754 0.0531538 0.0163711 -0.0533062 0.0537373 -0.0351431 0.0161544 -0.00854908 0.0161544 -0.0351431 0.0537373 -0.0533062 0.0163711 0.0531538 -0.104754 0.0504574 0.130914 -0.240008 0.013358 0.153192 0.367694 0.589299 0.413543 0.434935 0.648806 0.574724 0.279816 0 
0 0.439128 0.651953 0.503339 0.375555 0.554043 0.472788 0.167664 0.0765669 -0.199577 -0.0236143 0.179891 -0.145001 0.0434176 0.0128205 -0.00242616 -0.0455764 0.0987221 -0.139331 0.162827 -0.170315 0.162827 -0.139331 0.0987221 -0.0455764 -0.00242616 0.0128205 0.0434176 -0.145001 0.179891 -0.0236143 -0.199577 0.0765669 0.167664 0.472788 0.554043 0.375555 0.503339 0.651953 0.439128 0 
0 0.471144 0.525873 0.36959 0.488453 0.548437 0.230351 0.0880244 -0.104147 -0.158202 0.208272 -0.0683556 -0.0517222 0.0683928 -0.0188782 -0.0369192 0.0675933 -0.0713658 0.0603501 -0.0478565 0.042704 -0.0478565 0.0603501 -0.0713658 0.0675933 -0.0369192 -0.0188782 0.0683928 -0.0517222 -0.0683556 0.208272 -0.158202 -0.104147 0.0880244 0.230351 0.548437 0.488453 0.36959 0.525873 0.471144 0 
0 0.268927 0.281098 0.39061 0.568232 0.330167 0.0867783 -0.0196529 -0.207171 0.11972 0.0784131 -0.151643 0.0997648 -0.0232867 -0.011635 -0.00247588 0.0438103 -0.089199 0.125075 -0.146734 0.153843 -0.146734 0.125075 -0.089199 0.0438103 -0.00247588 -0.011635 -0.0232867 0.0997648 -0.151643 0.0784131 0.11972 -0.207171 -0.0196529 0.0867783 0.330167 0.568232 0.39061 0.281098 0.268927 0 
0 -0.0777153 0.0910778 0.449942 0.414187 0.108902 0.0202442 -0.172941 -0.0208394 0.190532 -0.157616 0.0358933 0.0406186 -0.0391956 -0.00579385 0.0528514 -0.0808265 0.0883144 -0.0836219 0.0763554 -0.0731673 0.0763554 -0.0836219 0.0883144 -0.0808265 0.0528514 -0.00579385 -0.0391956 0.0406186 0.0358933 -0.157616 0.190532 -0.0208394 -0.172941 0.0202442 0.108902 0.414187 0.449942 0.0910778 -0.0777153 0 
0 -0.285697 0.0079723 0.287301 0.108532 0.00948991 -0.105087 -0.132006 0.198831 -0.0533866 -0.0889635 0.117238 -0.066081 0.00857944 0.0142467 -3.10614e-06 -0.0351277 0.073972 -0.105617 0.125351 -0.131964 0.125351 -0.105617 0.073972 -0.0351277 -3.10614e-06 0.0142467 0.00857944 -0.066081 0.117238 -0.0889635 -0.0533866 0.198831 -0.132006 -0.105087 0.00948991 0.108532 0.287301 0.0079723 -0.285697 0 
0 -0.167785 -0.0831996 -0.133021 -0.152277 -0.0986607 -0.18111 0.110168 0.0905332 -0.175445 0.11569 -0.0205225 -0.0276672 0.0175459 0.0230839 -0.0645996 0.0916973 -0.102758 0.103326 -0.100313 0.0987185 -0.100313 0.103326 -0.102758 0.0916973 -0.0645996 0.0230839 0.0175459 -0.0276672 -0.0205225 0.11569 -0.175445 0.0905332 0.110168 -0.18111 -0.0986607 -0.152277 -0.133021 -0.0831996 -0.167785 0 
0 0.0920851 -0.249975 -0.536149 -0.372095 -0.283348 -0.0469121 0.177453 -0.156333 0.015873 0.0799606 -0.0856825 0.0401978 0.00419509 -0.020516 0.00804287 0.0212242 -0.0541845 0.0818001 -0.0994745 0.105491 -0.0994745 0.0818001 -0.0541845 0.0212242 0.00804287 -0.020516 0.00419509 0.0401978 -0.0856825 0.0799606 0.015873 -0.156333 0.177453 -0.0469121 -0.283348 -0.372095 -0.536149 -0.249975 0.0920851 0 
0 0.107748 -0.385315 -0.686024 -0.634273 -0.38496 0.0804957 -0.0692216 -0.118578 0.146374 -0.0849922 0.0131394 0.0170036 -0.00280413 -0.0341516 0.0720355 -0.0990808 0.113298 -0.118184 0.118624 -0.118323 0.118624 -0.118184 0.113298 -0.0990808 0.0720355 -0.0341516 -0.00280413 0.0170036 0.0131394 -0.0849922 0.146374 -0.118578 -0.0692216 0.0804957 -0.38496 -0.634273 -0.686024 -0.385315 0.107748 0 
0 -0.214545 -0.412456 -0.63764 -0.785323 -0.364992 -0.138131 -0.259443 0.0959747 -0.00230401 -0.0646023 0.058936 -0.019506 -0.0162944 0.029576 -0.0199551 -0.00367001 0.0311084 -0.0547555 0.0702351 -0.0755717 0.0702351 -0.0547555 0.0311084 -0.00367001 -0.0199551 0.029576 -0.0162944 -0.019506 0.058936 -0.0646023 -0.00230401 0.0959747 -0.259443 -0.138131 -0.364992 -0.785323 -0.63764 -0.412456 -0.214545 0 
0 -0.527481 -0.454938 -0.545662 -0.616865 -0.453851 -0.552605 -0.181504 0.0553236 -0.130743 0.0603207 -0.00888142 -0.0100856 -0.00578915 0.0396403 -0.074924 0.102143 -0.118942 0.127279 -0.130477 0.131212 -0.130477 0.127279 -0.118942 0.102143 -0.074924 0.0396403 -0.00578915 -0.0100856 -0.00888142 0.0603207 -0.130743 0.0553236 -0.181504 -0.552605 -0.453851 -0.616865 -0.545662 -0.454938 -0.527481 0 
0 -0.502904 -0.589258 -0.442703 -0.316659 -0.689955 -0.702786 -0.179094 -0.223206 -0.0470464 0.038844 -0.03845 0.00242896 0.0278535 -0.0402919 0.0341498 -0.0160043 -0.00613283 0.0258262 -0.0390013 0.0435956 -0.0390013 0.0258262 -0.00613283 -0.0160043 0.0341498 -0.0402919 0.0278535 0.00242896 -0.03845 0.038844 -0.0470464 -0.223206 -0.179094 -0.702786 -0.689955 -0.316659 -0.442703 -0.589258 -0.502904 0 
0 -0.244017 -0.592567 -0.351282 -0.297332 -0.723297 -0.551172 -0.496073 -0.377833 -0.0141258 -0.0744239 -0.00154627 0.00625039 0.00886301 -0.0400189 0.0731384 -0.100388 0.119101 -0.130069 0.135401 -0.136942 0.135401 -0.130069 0.119101 -0.100388 0.0731384 -0.0400189 0.00886301 0.00625039 -0.00154627 -0.0744239 -0.0141258 -0.377833 -0.496073 -0.551172 -0.723297 -0.297332 -0.351282 -0.592567 -0.244017 0 
0 -0.0439299 -0.264094 -0.365237 -0.547957 -0.420214 -0.465386 -0.777535 -0.394385 -0.219708 -0.11278 -0.00125064 0.00715579 -0.0390931 0.0514012 -0.0491323 0.0362998 -0.0192858 0.00352054 0.007283 -0.0110946 0.007283 0.00352054 -0.0192858 0.0362998 -0.0491323 0.0514012 -0.0390931 0.00715579 -0.00125064 -0.11278 -0.219708 -0.394385 -0.777535 -0.465386 -0.420214 -0.547957 -0.365237 -0.264094 -0.0439299 0 
0 0.0570259 0.131328 -0.425079 -0.623946 -0.214395 -0.529774 -0.667891 -0.528203 -0.463399 -0.148548 -0.0589619 -0.0226824 -0.0101312 0.0353682 -0.0667974 0.0936647 -0.113577 0.126398 -0.133288 0.135428 -0.133288 0.126398 -0.113577 0.0936647 -0.0667974 0.0353682 -0.0101312 -0.0226824 -0.0589619 -0.148548 -0.463399 -0.528203 -0.667891 -0.529774 -0.214395 -0.623946 -0.425079 0.131328 0.0570259 0 
0 0.1677 0.171976 -0.283804 -0.3577 -0.41635 -0.494453 -0.401982 -0.704144 -0.566439 -0.311027 -0.146658 -0.0658678 0.0373641 -0.0637264 0.0632655 -0.0558037 0.0436912 -0.0317842 0.0233667 -0.0203553 0.0233667 -0.0317842 0.0436912 -0.0558037 0.0632655 -0.0637264 0.0373641 -0.0658678 -0.146658 -0.311027 -0.566439 -0.704144 -0.401982 -0.494453 -0.41635 -0.3577 -0.283804 0.171976 0.1677 0 
0 0.186448 -0.046158 0.0722801 -0.082878 -0.629247 -0.363183 -0.358054 -0.632659 -0.603269 -0.524718 -0.281368 -0.0964299 -0.030072 -0.0345246 0.0549191 -0.0823297 0.102538 -0.116489 0.124406 -0.126951 0.124406 -0.116489 0.102538 -0.0823297 0.0549191 -0.0345246 -0.030072 -0.0964299 -0.281368 -0.524718 -0.603269 -0.632659 -0.358054 -0.363183 -0.629247 -0.082878 0.0722801 -0.046158 0.186448 0 
0 -0.0305216 -0.06683 0.274467 -0.0281121 -0.385151 -0.378689 -0.471476 -0.390177 -0.612446 -0.645709 -0.448934 -0.193693 -0.137339 0.0474938 -0.0809419 0.072335 -0.0658055 0.0575126 -0.0514468 0.0492293 -0.0514468 0.0575126 -0.0658055 0.072335 -0.0809419 0.0474938 -0.137339 -0.193693 -0.448934 -0.645709 -0.612446 -0.390177 -0.471476 -0.378689 -0.385151 -0.0281121 0.274467 -0.06683 -0.0305216 0 
0 -0.250746 0.124901 0.114473 -0.00397979 0.0634142 -0.450023 -0.486975 -0.318452 -0.515307 -0.637303 -0.583613 -0.40283 -0.172337 -0.0467013 -0.0583395 0.0630775 -0.087079 0.100858 -0.109379 0.112149 -0.109379 0.100858 -0.087079 0.0630775 -0.0583395 -0.0467013 -0.172337 -0.40283 -0.583613 -0.637303 -0.515307 -0.318452 -0.486975 -0.450023 0.0634142 -0.00397979 0.114473 0.124901 -0.250746 0 
0 -0.118625 0.0994648 -0.106284 0.124692 0.185262 -0.253334 -0.386894 -0.452252 -0.37606 -0.530074 -0.646803 -0.584005 -0.266317 -0.218113 0.0391064 -0.0989402 0.081825 -0.0797697 0.0755564 -0.0741504 0.0755564 -0.0797697 0.081825 -0.0989402 0.0391064 -0.218113 -0.266317 -0.584005 -0.646803 -0.530074 -0.37606 -0.452252 -0.386894 -0.253334 0.185262 0.124692 -0.106284 0.0994648 -0.118625 0 
0 0.202899 -0.164381 -0.0813843 0.15751 0.0263286 0.114938 -0.248449 -0.506431 -0.366304 -0.401872 -0.609009 -0.621804 -0.511882 -0.271953 -0.0857847 -0.0816261 0.0581516 -0.0821294 0.0889112 -0.0920301 0.0889112 -0.0821294 0.0581516 -0.0816261 -0.0857847 -0.271953 -0.511882 -0.621804 -0.609009 -0.401872 -0.366304 -0.506431 -0.248449 0.114938 0.0263286 0.15751 -0.0813843 -0.164381 0.202899 0 
0 0.203697 -0.174946 0.0312082 -0.0178394 -0.00897267 0.228961 -0.0507137 -0.336673 -0.455376 -0.370177 -0.461898 -0.590575 -0.684318 -0.356034 -0.313057 0.0119737 -0.123055 0.0906294 -0.0957238 0.0936493 -0.0957238 0.0906294 -0.123055 0.0119737 -0.313057 -0.356034 -0.684318 -0.590575 -0.461898 -0.370177 -0.455376 -0.336673 -0.0507137 0.228961 -0.00897267 -0.0178394 0.0312082 -0.174946 0.203697 0 
0 -0.123071 0.143437 0.000249717 -0.160612 0.0845764 0.0518301 0.143487 -0.072834 -0.429753 -0.438 -0.335575 -0.539695 -0.619364 -0.6006 -0.381674 -0.15321 -0.10811 0.0383671 -0.0690128 0.0662839 -0.0690128 0.0383671 -0.10811 -0.15321 -0.381674 -0.6006 -0.619364 -0.539695 -0.335575 -0.438 -0.429753 -0.072834 0.143487 0.0518301 0.0845764 -0.160612 0.000249717 0.143437 -0.123071 0 
0 -0.230701 0.231366 -0.0406504 -0.0749811 0.0217874 -0.0553247 0.16445 0.111918 -0.208002 -0.44357 -0.381684 -0.418812 -0.499041 -0.732574 -0.444926 -0.421536 -0.0361406 -0.15669 0.0942038 -0.11329 0.0942038 -0.15669 -0.0361406 -0.421536 -0.444926 -0.732574 -0.499041 -0.418812 -0.381684 -0.44357 -0.208002 0.111918 0.16445 -0.0553247 0.0217874 -0.0749811 -0.0406504 0.231366 -0.230701 0 
0 0.0513514 -0.0936264 0.0521479 0.0843927 -0.138809 0.00451919 0.0322409 0.146264 0.0611978 -0.281822 -0.483488 -0.322173 -0.464952 -0.571384 -0.656823 -0.486234 -0.248765 -0.14281 -0.000422771 -0.0594337 -0.000422771 -0.14281 -0.248765 -0.486234 -0.656823 -0.571384 -0.464952 -0.322173 -0.483488 -0.281822 0.0611978 0.146264 0.0322409 0.00451919 -0.138809 0.0843927 0.0521479 -0.0936264 0.0513514 0 
0 0.222968 -0.255071 0.0810859 0.100078 -0.0932327 -0.000665861 -0.0514231 0.0686223 0.185299 -0.0405625 -0.381115 -0.396587 -0.410417 -0.398385 -0.724705 -0.513312 -0.535366 -0.108437 -0.208336 0.0608102 -0.208336 -0.108437 -0.535366 -0.513312 -0.724705 -0.398385 -0.410417 -0.396587 -0.381115 -0.0405625 0.185299 0.0686223 -0.0514231 -0.000665861 -0.0932327 0.100078 0.0810859 -0.255071 0.222968 0 
0 0.000268363 0.0414697 -0.0683816 -0.00365734 0.11315 -0.0864707 -0.0390106 -0.0109147 0.116722 0.136183 -0.0958841 -0.470078 -0.341335 -0.415709 -0.490123 -0.671704 -0.569414 -0.370404 -0.208661 -0.121735 -0.208661 -0.370404 -0.569414 -0.671704 -0.490123 -0.415709 -0.341335 -0.470078 -0.0958841 0.136183 0.116722 -0.0109147 -0.0390106 -0.0864707 0.11315 -0.00365734 -0.0683816 0.0414697 0.000268363 0 
0 -0.199407 0.253043 -0.11965 -0.0780956 0.141542 -0.0332927 -0.0374905 -0.0344598 -0.0127034 0.171444 0.109401 -0.260667 -0.386506 -0.433055 -0.315823 -0.670419 -0.549058 -0.653334 -0.251071 -0.402072 -0.251071 -0.653334 -0.549058 -0.670419 -0.315823 -0.433055 -0.386506 -0.260667 0.109401 0.171444 -0.0127034 -0.0344598 -0.0374905 -0.0332927 0.141542 -0.0780956 -0.11965 0.253043 -0.199407 0 
0 -0.0324124 0.000473644 0.0620956 -0.0523624 -0.0519567 0.115869 -0.0319043 -0.0474717 -0.0507842 0.0682229 0.141422 0.0861223 -0.387077 -0.358274 -0.406926 -0.401408 -0.655622 -0.651336 -0.604692 -0.512533 -0.604692 -0.651336 -0.655622 -0.401408 -0.406926 -0.358274 -0.387077 0.0861223 0.141422 0.0682229 -0.0507842 -0.0474717 -0.0319043 0.115869 -0.0519567 -0.0523624 0.0620956 0.000473644 -0.0324124 0 
0 0.171312 -0.235932 0.144797 0.0379817 -0.151282 0.0875058 0.0480474 -0.0535902 -0.0200602 -0.0607655 0.101163 0.197843 -0.105272 -0.327061 -0.467559 -0.278496 -0.61678 -0.625511 -0.932711 -0.726673 -0.932711 -0.625511 -0.61678 -0.278496 -0.467559 -0.327061 -0.105272 0.197843 0.101163 -0.0607655 -0.0200602 -0.0535902 0.0480474 0.0875058 -0.151282 0.0379817 0.144797 -0.235932 0.171312 0 
0 0.0495989 -0.029103 -0.0467457 0.0819485 -0.00982811 -0.0973703 0.0930234 0.0163231 -0.0310935 -0.0757727 0.0242017 0.0846793 0.222279 -0.250121 -0.342814 -0.452217 -0.392564 -0.767575 -0.972033 -1.17261 -0.972033 -0.767575 -0.392564 -0.452217 -0.342814 -0.250121 0.222279 0.0846793 0.0242017 -0.0757727 -0.0310935 0.0163231 0.0930234 -0.0973703 -0.00982811 0.0819485 -0.0467457 -0.029103 0.0495989 0 
0 -0.144284 0.212072 -0.155974 0.00190043 0.134007 -0.125907 -0.0122411 0.102708 -0.040587 -0.00941221 -0.074976 0.0148963 0.206705 0.0404043 -0.227469 -0.530844 -0.412847 -0.813703 -1.00917 -1.39289 -1.00917 -0.813703 -0.412847 -0.530844 -0.227469 0.0404043 0.206705 0.0148963 -0.074976 -0.00941221 -0.040587 0.102708 -0.0122411 -0.125907 0.134007 0.00190043 -0.155974 0.212072 -0.144284 0 
0 -0.0565567 0.0457712 0.0306284 -0.0926416 0.0573306 0.0556948 -0.116784 0.043831 0.048059 0.00253274 -0.086721 0.0024524 -0.0103056 0.273795 -0.132093 -0.372449 -0.724984 -0.7443 -1.1522 -1.18149 -1.1522 -0.7443 -0.724984 -0.372449 -0.132093 0.273795 -0.0103056 0.0024524 -0.086721 0.00253274 0.048059 0.043831 -0.116784 0.0556948 0.0573306 -0.0926416 0.0306284 0.0457712 -0.0565567 0 
0 0.120543 -0.186607 0.156409 -0.0334849 -0.104626 0.141198 -0.0339615 -0.103014 0.108718 -0.010119 0.00189932 -0.0673279 -0.060333 0.119067 0.056394 -0.277155 -0.849685 -0.893476 -1.08226 -0.937139 -1.08226 -0.893476 -0.849685 -0.277155 0.056394 0.119067 -0.060333 -0.0673279 0.00189932 -0.010119 0.108718 -0.103014 -0.0339615 0.141198 -0.104626 -0.0334849 0.156409 -0.186607 0.120543 0 
0 0.0570654 -0.0532669 -0.0175722 0.0924703 -0.0882894 -0.0101018 0.108546 -0.0919175 -0.0165678 0.0508355 0.044819 -0.0942332 -0.0133825 -0.171827 0.0925135 -0.316288 -0.67697 -1.12421 -0.824501 -0.856051 -0.824501 -1.12421 -0.67697 -0.316288 0.0925135 -0.171827 -0.0133825 -0.0942332 0.044819 0.0508355 -0.0165678 -0.0919175 0.108546 -0.0101018 -0.0882894 0.0924703 -0.0175722 -0.0532669 0.0570654 0 
0 -0.100573 0.162213 -0.149733 0.0548492 0.0737048 -0.138643 0.0715534 0.0743239 -0.146324 0.0704914 0.0129061 0.00255681 -0.101036 -0.224905 -0.25001 -0.328354 -0.552946 -0.934789 -0.753073 -0.73947 -0.753073 -0.934789 -0.552946 -0.328354 -0.25001 -0.224905 -0.101036 0.00255681 0.0129061 0.0704914 -0.146324 0.0743239 0.0715534 -0.138643 0.0737048 0.0548492 -0.149733 0.162213 -0.100573 0 
0 -0.0538221 0.0544064 0.00865389 -0.0872429 0.105647 -0.029503 -0.0821162 0.114893 -0.0300069 -0.064203 0.00756343 0.0468975 -0.200094 -0.222427 -0.62248 -0.422684 -0.517375 -0.428362 -0.776208 -0.638192 -0.776208 -0.428362 -0.517375 -0.422684 -0.62248 -0.222427 -0.200094 0.0468975 0.00756343 -0.064203 -0.0300069 0.114893 -0.0821162 -0.029503 0.105647 -0.0872429 0.00865389 0.0544064 -0.0538221 0 
0 0.0840826 -0.140015 0.138834 -0.0668924 -0.046933 0.126064 -0.0953734 -0.0368621 0.148581 -0.139293 -0.0160224 -0.0698201 -0.172782 -0.432417 -0.657535 -0.682663 -0.378471 -0.167669 -0.526046 -0.692182 -0.526046 -0.167669 -0.378471 -0.682663 -0.657535 -0.432417 -0.172782 -0.0698201 -0.0160224 -0.139293 0.148581 -0.0368621 -0.0953734 0.126064 -0.046933 -0.0668924 0.138834 -0.140015 0.0840826 0 
0 0.0486361 -0.0515287 -0.00355925 0.0804065 -0.11343 0.0597615 0.0488405 -0.117218 0.0609275 0.0168852 -0.139209 -0.214193 -0.233599 -0.622992 -0.580096 -0.7574 -0.292098 -0.227139 -0.167748 -0.559269 -0.167748 -0.227139 -0.292098 -0.7574 -0.580096 -0.622992 -0.233599 -0.214193 -0.139209 0.0168852 0.0609275 -0.117218 0.0488405 0.0597615 -0.11343 0.0804065 -0.00355925 -0.0515287 0.0486361 0 
0 -0.0705109 0.120283 -0.125705 0.0714419 0.0265266 -0.110104 0.10579 -0.00395903 -0.151706 0.110034 -0.216771 -0.327303 -0.502533 -0.570404 -0.626519 -0.470671 -0.430918 -0.289741 -0.0630882 0.0141049 -0.0630882 -0.289741 -0.430918 -0.470671 -0.626519 -0.570404 -0.502533 -0.327303 -0.216771 0.110034 -0.151706 -0.00395903 0.10579 -0.110104 0.0265266 0.0714419 -0.125705 0.120283 -0.0705109 0 
0 -0.042674 0.0464049 0.00141274 -0.0736826 0.114893 -0.0816746 -0.020435 0.0879256 -0.134003 -0.127874 -0.172679 -0.476806 -0.711078 -0.511203 -0.553712 -0.249246 -0.512687 -0.304263 -0.0424993 0.500637 -0.0424993 -0.304263 -0.512687 -0.249246 -0.553712 -0.511203 -0.711078 -0.476806 -0.172679 -0.127874 -0.134003 0.0879256 -0.020435 -0.0816746 0.114893 -0.0736826 0.00141274 0.0464049 -0.042674 0 
0 0.0592739 -0.102888 0.111597 -0.0704922 -0.0133837 0.0917713 -0.120154 -0.00597743 0.0119827 -0.394433 -0.274455 -0.587015 -0.675415 -0.588344 -0.285732 -0.347269 -0.329032 -0.288782 0.136361 0.376141 0.136361 -0.288782 -0.329032 -0.347269 -0.285732 -0.588344 -0.675415 -0.587015 -0.274455 -0.394433 0.0119827 -0.00597743 -0.120154 0.0917713 -0.0133837 -0.0704922 0.111597 -0.102888 0.0592739 0 
0 0.0366641 -0.0403169 -0.00129159 0.0672471 -0.114634 0.0868595 -0.0364408 -0.154002 -0.0807428 -0.364896 -0.619534 -0.571135 -0.54105 -0.544243 -0.222585 -0.400419 -0.132994 -0.0567977 0.210955 -0.0181073 0.210955 -0.0567977 -0.132994 -0.400419 -0.222585 -0.544243 -0.54105 -0.571135 -0.619534 -0.364896 -0.0807428 -0.154002 -0.0364408 0.0868595 -0.114634 0.0672471 -0.00129159 -0.0403169 0.0366641 0 
0 -0.0498711 0.0875078 -0.0975791 0.0641251 -0.000236307 -0.100749 0.0505006 -0.19469 -0.374513 -0.318757 -0.794154 -0.565556 -0.425403 -0.317414 -0.440402 -0.203111 -0.0445224 0.282936 0.00609016 -0.15466 0.00609016 0.282936 -0.0445224 -0.203111 -0.440402 -0.317414 -0.425403 -0.565556 -0.794154 -0.318757 -0.374513 -0.19469 0.0505006 -0.100749 -0.000236307 0.0641251 -0.0975791 0.0875078 -0.0498711 0 
0 -0.0310782 0.0339455 0.00120338 -0.0661588 0.0938266 -0.146741 -0.0855557 -0.198609 -0.53577 -0.571391 -0.572777 -0.609728 -0.327848 -0.22051 -0.455562 -0.0500733 0.138939 0.282749 -0.133471 -0.110369 -0.133471 0.282749 0.138939 -0.0500733 -0.455562 -0.22051 -0.327848 -0.609728 -0.572777 -0.571391 -0.53577 -0.198609 -0.0855557 -0.146741 0.0938266 -0.0661588 0.00120338 0.0339455 -0.0310782 0 
