0 0 0 0 0 0 0 0 0 0 0 0 0 0 0 0 0 1 1 1 1 1 1 1 0 0 0 0 0 0 0 0 0 0 0 0 0 0 0 0 0 
0 0 0 0 0 0 0 0 0 0 0 0 0 0 0 0 0 1 1 1 1 1 1 1 0 0 0 0 0 0 0 0 0 0 0 0 0 0 0 0 0 
0 0 0 0 0 0 0 0 0 0 0 0 0 0 0 0 0.25 0.75 1 1 1 1 1 0.75 0.25 0 0 0 0 0 0 0 0 0 0 0 0 0 0 0 0 
0 0 0 0 0 0 0 0 0 0 0 0 0 0 0 0.0625 0.5625 0.4375 0.9375 1 1 1 0.9375 0.4375 0.5625 0.0625 0 0 0 0 0 0 0 0 0 0 0 0 0 0 0 
0 0 0 0 0 0 0 0 0 0 0 0 0 0 0.015625 0.234375 0.71875 0.28125 0.765625 0.984375 1 0.984375 0.765625 0.28125 0.71875 0.234375 0.015625 0 0 0 0 0 0 0 0 0 0 0 0 0 0 
0 0 0 0 0 0 0 0 0 0 0 0 0 0.00390625 0.0820313 0.472656 0.644531 0.355469 0.527344 0.917969 0.992188 0.917969 0.527344 0.355469 0.644531 0.472656 0.0820313 0.00390625 0 0 0 0 0 0 0 0 0 0 0 0 0 
0 0 0 0 0 0 0 0 0 0 0 0 0.000976563 0.0263672 0.226563 0.65625 0.455078 0.544922 0.34375 0.772461 0.947266 0.772461 0.34375 0.544922 0.455078 0.65625 0.226563 0.0263672 0.000976563 0 0 0 0 0 0 0 0 0 0 0 0 
0 0 0 0 0 0 0 0 0 0 0 0.000244141 0.00805664 0.0925293 0.428467 0.682129 0.338379 0.661621 0.317627 0.563477 0.814941 0.563477 0.317627 0.661621 0.338379 0.682129 0.428467 0.0925293 0.00805664 0.000244141 0 0 0 0 0 0 0 0 0 0 0 
0 0 0 0 0 0 0 0 0 0 6.10352e-05 0.00238037 0.0343018 0.221558 0.609802 0.558655 0.388428 0.611511 0.438965 0.355896 0.556885 0.355896 0.438965 0.611511 0.388428 0.558655 0.609802 0.221558 0.0343018 0.00238037 6.10352e-05 0 0 0 0 0 0 0 0 0 0 
0 0 0 0 0 0 0 0 0 1.52588e-05 0.000686646 0.0119171 0.0993805 0.400833 0.68129 0.405411 0.536804 0.462494 0.582672 0.21933 0.198334 0.21933 0.582672 0.462494 0.536804 0.405411 0.68129 0.400833 0.0993805 0.0119171 0.000686646 1.52588e-05 0 0 0 0 0 0 0 0 0 
0 0 0 0 0 0 0 0 3.8147e-06 0.00019455 0.00395203 0.0405121 0.217957 0.57486 0.613693 0.353985 0.633755 0.362099 0.605499 0.16835 -0.149719 0.16835 0.605499 0.362099 0.633755 0.353985 0.613693 0.57486 0.217957 0.0405121 0.00395203 0.00019455 3.8147e-06 0 0 0 0 0 0 0 0 
0 0 0 0 0 0 0 9.53674e-07 5.43594e-05 0.00126553 0.0154181 0.104328 0.381397 0.669369 0.471461 0.437428 0.592849 0.390468 0.458189 0.147141 -0.338737 0.147141 0.458189 0.390468 0.592849 0.437428 0.471461 0.669369 0.381397 0.104328 0.0154181 0.00126553 5.43594e-05 9.53674e-07 0 0 0 0 0 0 0 
0 0 0 0 0 0 2.38419e-07 1.50204e-05 0.000394344 0.00557184 0.0455735 0.215184 0.547564 0.642408 0.370198 0.568235 0.462492 0.486362 0.216186 0.0822234 -0.284817 0.0822234 0.216186 0.486362 0.462492 0.568235 0.370198 0.642408 0.547564 0.215184 0.0455735 0.00557184 0.000394344 1.50204e-05 2.38419e-07 0 0 0 0 0 0 
0 0 0 0 0 5.96046e-08 4.11272e-06 0.000120223 0.00193387 0.0185842 0.108131 0.366732 0.654346 0.523684 0.386497 0.623097 0.364539 0.508745 0.00823683 -0.040963 -0.0473759 -0.040963 0.00823683 0.508745 0.364539 0.623097 0.386497 0.523684 0.654346 0.366732 0.108131 0.0185842 0.00193387 0.000120223 4.11272e-06 5.96046e-08 0 0 0 0 0 
0 0 0 0 1.49012e-08 1.11759e-06 3.60012e-05 0.00064981 0.00718257 0.0498207 0.212952 0.525533 0.65656 0.403328 0.496242 0.554169 0.367277 0.36995 -0.0868855 -0.153453 0.193271 -0.153453 -0.0868855 0.36995 0.367277 0.554169 0.496242 0.403328 0.65656 0.525533 0.212952 0.0498207 0.00718257 0.00064981 3.60012e-05 1.11759e-06 1.49012e-08 0 0 0 0 
0 0 0 3.72529e-09 3.01749e-07 1.06208e-05 0.000212621 0.00265913 0.0214576 0.111181 0.355136 0.638946 0.562709 0.369509 0.597241 0.424037 0.417406 0.116277 -0.0844407 -0.16262 0.260557 -0.16262 -0.0844407 0.116277 0.417406 0.424037 0.597241 0.369509 0.562709 0.638946 0.355136 0.111181 0.0214576 0.00265913 0.000212621 1.06208e-05 3.01749e-07 3.72529e-09 0 0 0 
0 0 9.31323e-10 8.10251e-08 3.09385e-06 6.80443e-05 0.000950369 0.00875645 0.0534638 0.211098 0.507283 0.662347 0.439617 0.440923 0.598006 0.335548 0.393911 -0.112292 -0.0513611 -0.0464477 0.116254 -0.0464477 -0.0513611 -0.112292 0.393911 0.335548 0.598006 0.440923 0.439617 0.662347 0.507283 0.211098 0.0534638 0.00875645 0.000950369 6.80443e-05 3.09385e-06 8.10251e-08 9.31323e-10 0 0 
0 2.32831e-10 2.16532e-08 8.91509e-07 2.13704e-05 0.000329811 0.00341906 0.0240791 0.113702 0.345654 0.62415 0.591299 0.372535 0.551281 0.493885 0.327264 0.229274 -0.199079 -0.032286 0.109171 -0.1094 0.109171 -0.032286 -0.199079 0.229274 0.327264 0.493885 0.551281 0.372535 0.591299 0.62415 0.345654 0.113702 0.0240791 0.00341906 0.000329811 2.13704e-05 8.91509e-07 2.16532e-08 2.32831e-10 0 
0 5.76256e-09 2.54484e-07 6.60424e-06 0.000111637 0.00128678 0.0102804 0.0566424 0.209522 0.491845 0.66318 0.473773 0.40483 0.602603 0.362458 0.336138 -0.017954 -0.137079 -0.0195448 0.174783 -0.225768 0.174783 -0.0195448 -0.137079 -0.017954 0.336138 0.362458 0.602603 0.40483 0.473773 0.66318 0.491845 0.209522 0.0566424 0.0102804 0.00128678 0.000111637 6.60424e-06 2.54484e-07 5.76256e-09 0 
0 7.2032e-08 2.01257e-06 3.69878e-05 0.000469432 0.00419838 0.0264839 0.115835 0.337703 0.61029 0.612025 0.386363 0.503804 0.544446 0.284487 0.263069 -0.20644 -0.015914 0.012395 0.0916752 -0.14186 0.0916752 0.012395 -0.015914 -0.20644 0.263069 0.284487 0.544446 0.503804 0.386363 0.612025 0.61029 0.337703 0.115835 0.0264839 0.00419838 0.000469432 3.69878e-05 2.01257e-06 7.2032e-08 0 
0 6.05429e-07 1.20293e-05 0.000166739 0.00165135 0.0117491 0.0594538 0.208157 0.478564 0.661021 0.50402 0.384729 0.583579 0.411139 0.266152 0.0779776 -0.229917 0.0646964 0.0570776 -0.0696366 0.0588147 -0.0696366 0.0570776 0.0646964 -0.229917 0.0779776 0.266152 0.411139 0.583579 0.384729 0.50402 0.661021 0.478564 0.208157 0.0594538 0.0117491 0.00165135 0.000166739 1.20293e-05 6.05429e-07 0 
0 3.84345e-06 5.78674e-05 0.000628965 0.00498656 0.0287016 0.117673 0.330905 0.597437 0.626888 0.405443 0.46263 0.570531 0.284695 0.237019 -0.137044 -0.102767 0.0697488 0.0719863 -0.167157 0.195264 -0.167157 0.0719863 0.0697488 -0.102767 -0.137044 0.237019 0.284695 0.570531 0.46263 0.405443 0.626888 0.597437 0.330905 0.117673 0.0287016 0.00498656 0.000628965 5.78674e-05 3.84345e-06 0 
0 1.96266e-05 0.000232974 0.00203782 0.0131611 0.0619682 0.206958 0.466978 0.65704 0.530031 0.376524 0.553209 0.459049 0.217791 0.12629 -0.249981 0.0589425 0.0322315 0.0265498 -0.114286 0.150503 -0.114286 0.0265498 0.0322315 0.0589425 -0.249981 0.12629 0.217791 0.459049 0.553209 0.376524 0.530031 0.65704 0.466978 0.206958 0.0619682 0.0131611 0.00203782 0.000232974 1.96266e-05 0 
0 8.38399e-05 0.000805954 0.00577628 0.0307566 0.11928 0.325 0.585562 0.637376 0.42655 0.430153 0.576078 0.310792 0.188326 -0.055632 -0.191619 0.136744 -2.84341e-05 -0.0526753 0.0399908 -0.0266527 0.0399908 -0.0526753 -2.84341e-05 0.136744 -0.191619 -0.055632 0.188326 0.310792 0.576078 0.430153 0.42655 0.637376 0.585562 0.325 0.11928 0.0307566 0.00577628 0.000805954 8.38399e-05 0 
0 0.000307622 0.00244099 0.0145173 0.064238 0.205892 0.456753 0.651958 0.552051 0.376675 0.519362 0.496143 0.19824 0.128488 -0.210561 -0.0171697 0.0982611 -0.0112571 -0.0955721 0.154441 -0.170487 0.154441 -0.0955721 -0.0112571 0.0982611 -0.0171697 -0.210561 0.128488 0.19824 0.496143 0.519362 0.376675 0.552051 0.651958 0.456753 0.205892 0.064238 0.0145173 0.00244099 0.000307622 0 
0 0.00098784 0.00656175 0.0326693 0.120703 0.319805 0.574592 0.644577 0.447859 0.406316 0.567095 0.347538 0.142726 0.00132661 -0.23238 0.137789 0.0035414 -0.0161849 -0.0548871 0.125155 -0.151857 0.125155 -0.0548871 -0.0161849 0.0035414 0.137789 -0.23238 0.00132661 0.142726 0.347538 0.567095 0.406316 0.447859 0.644577 0.574592 0.319805 0.120703 0.0326693 0.00656175 0.00098784 0 
0 0.00281457 0.0158159 0.0663029 0.204934 0.447639 0.64623 0.570519 0.382461 0.486538 0.519744 0.202619 0.103065 -0.148912 -0.10323 0.166644 -0.062548 -0.0258567 0.0404841 -0.0183937 0.00527864 -0.0183937 0.0404841 -0.0258567 -0.062548 0.166644 -0.10323 -0.148912 0.103065 0.202619 0.519744 0.486538 0.382461 0.570519 0.64623 0.447639 0.204934 0.0663029 0.0158159 0.00281457 0 
0 0.007188 0.0344415 0.121973 0.315185 0.564445 0.649293 0.468375 0.390097 0.549042 0.38481 0.112093 0.0252981 -0.224736 0.0819681 0.0707323 -0.0621665 -0.0281161 0.104551 -0.141305 0.150578 -0.141305 0.104551 -0.0281161 -0.0621665 0.0707323 0.0819681 -0.224736 0.0252981 0.112093 0.38481 0.549042 0.390097 0.468375 0.649293 0.564445 0.315185 0.121973 0.0344415 0.007188 0 
0 0.0165778 0.0681365 0.204062 0.439447 0.640148 0.585915 0.391891 0.457038 0.530752 0.222755 0.0680474 -0.0932786 -0.161375 0.187681 -0.0555952 -0.0200478 -0.00572144 0.0739865 -0.129782 0.149936 -0.129782 0.0739865 -0.00572144 -0.0200478 -0.0555952 0.187681 -0.161375 -0.0932786 0.0680474 0.222755 0.530752 0.457038 0.391891 0.585915 0.640148 0.439447 0.204062 0.0681365 0.0165778 0 
0 0.0347128 0.122923 0.311017 0.555038 0.652117 0.487588 0.380199 0.526121 0.417034 0.0990218 0.0223474 -0.188548 0.00627379 0.145311 -0.112217 0.0167657 0.0330187 -0.0274466 0.00261318 0.00943513 0.00261318 -0.0274466 0.0330187 0.0167657 -0.112217 0.145311 0.00627379 -0.188548 0.0223474 0.0990218 0.417034 0.526121 0.380199 0.487588 0.652117 0.555038 0.311017 0.122923 0.0347128 0 
0 0.0662222 0.202681 0.431953 0.633894 0.598684 0.403547 0.431836 0.531452 0.251085 0.0356231 -0.0569079 -0.182388 0.159977 0.00379972 -0.0722107 0.0253968 0.0525792 -0.106249 0.129199 -0.134477 0.129199 -0.106249 0.0525792 0.0253968 -0.0722107 0.00379972 0.159977 -0.182388 -0.0569079 0.0356231 0.251085 0.531452 0.431836 0.403547 0.598684 0.633894 0.431953 0.202681 0.0662222 0 
0 0.115291 0.305642 0.546057 0.653462 0.50527 0.375362 0.501304 0.441787 0.101362 0.00295717 -0.1444 -0.0592669 0.189044 -0.11767 0.0111998 0.0164217 0.0256372 -0.0864817 0.131003 -0.146551 0.131003 -0.0864817 0.0256372 0.0164217 0.0111998 -0.11767 0.189044 -0.0592669 -0.1444 0.00295717 0.101362 0.441787 0.501304 0.375362 0.50527 0.653462 0.546057 0.305642 0.115291 0 
0 0.183124 0.421119 0.626908 0.609131 0.416426 0.41114 0.524407 0.281895 0.0121446 -0.0419469 -0.17377 0.104648 0.0793551 -0.130244 0.0636983 0.00844494 -0.0316384 0.0156861 0.00904828 -0.0198481 0.00904828 0.0156861 -0.0316384 0.00844494 0.0636983 -0.130244 0.0793551 0.104648 -0.17377 -0.0419469 0.0121446 0.281895 0.524407 0.41114 0.416426 0.609131 0.626908 0.421119 0.183124 0 
0 0.264676 0.528544 0.651867 0.521068 0.374438 0.476556 0.458566 0.115193 -0.0231586 -0.106284 -0.100579 0.192636 -0.0764101 -0.0419324 0.0538979 0.00426071 -0.067062 0.104363 -0.118472 0.121303 -0.118472 0.104363 -0.067062 0.00426071 0.0538979 -0.0419324 -0.0764101 0.192636 -0.100579 -0.106284 -0.0231586 0.115193 0.458566 0.476556 0.374438 0.521068 0.651867 0.528544 0.264676 0 
0 0.346025 0.600833 0.613296 0.429047 0.394636 0.511945 0.311379 -0.000252874 -0.0446552 -0.148413 0.044489 0.140058 -0.156294 0.0617172 0.00773064 -0.00534492 -0.0417986 0.0944756 -0.130339 0.142567 -0.130339 0.0944756 -0.0417986 -0.00534492 0.00773064 0.0617172 -0.156294 0.140058 0.044489 -0.148413 -0.0446552 -0.000252874 0.311379 0.511945 0.394636 0.429047 0.613296 0.600833 0.346025 0 
0 0.40457 0.612536 0.525547 0.374486 0.452764 0.467865 0.136425 -0.0488917 -0.0809907 -0.116378 0.165224 -0.0105003 -0.107588 0.0973673 -0.0282089 -0.0207951 0.0266468 -0.00568443 -0.0177762 0.027378 -0.0177762 -0.00568443 0.0266468 -0.0207951 -0.0282089 0.0973673 -0.107588 -0.0105003 0.165224 -0.116378 -0.0809907 -0.0488917 0.136425 0.467865 0.452764 0.374486 0.525547 0.612536 0.40457 0 
0 0.413965 0.5505 0.42178 0.377259 0.495098 0.33715 -0.0019977 -0.0592261 -0.118148 -0.00509496 0.171628 -0.141399 0.0166296 0.0503846 -0.0309009 -0.0262382 0.0751489 -0.100785 0.109098 -0.110388 0.109098 -0.100785 0.0751489 -0.0262382 -0.0309009 0.0503846 0.0166296 -0.141399 0.171628 -0.00509496 -0.118148 -0.0592261 -0.0019977 0.33715 0.495098 0.377259 0.42178 0.5505 0.413965 0 
0 0.354002 0.42215 0.339063 0.420623 0.468485 0.161135 -0.0699406 -0.069984 -0.112312 0.122105 0.0555937 -0.154534 0.109778 -0.0253583 -0.0121059 -0.00750027 0.0543209 -0.0994307 0.12863 -0.138411 0.12863 -0.0994307 0.0543209 -0.00750027 -0.0121059 -0.0253583 0.109778 -0.154534 0.0555937 0.122105 -0.112312 -0.069984 -0.0699406 0.161135 0.468485 0.420623 0.339063 0.42215 0.354002 0 
0 0.222575 0.255991 0.297507 0.455562 0.353069 0.0041888 -0.0801255 -0.091313 -0.0372894 0.174073 -0.0963443 -0.0490591 0.103065 -0.0640038 0.00452743 0.0255416 -0.0204003 -0.00262378 0.0243865 -0.0329137 0.0243865 -0.00262378 -0.0204003 0.0255416 0.00452743 -0.0640038 0.103065 -0.0490591 -0.0963443 0.174073 -0.0372894 -0.091313 -0.0801255 0.0041888 0.353069 0.455562 0.297507 0.255991 0.222575 0 
0 0.0438593 0.0918573 0.285087 0.425364 0.176057 -0.0866159 -0.0720286 -0.0963393 0.077068 0.105596 -0.168857 0.0826257 0.0165532 -0.0437494 0.00928146 0.0418444 -0.0791919 0.0964916 -0.100935 0.101234 -0.100935 0.0964916 -0.0791919 0.0418444 0.00928146 -0.0437494 0.0165532 0.0826257 -0.168857 0.105596 0.077068 -0.0963393 -0.0720286 -0.0866159 0.176057 0.425364 0.285087 0.0918573 0.0438593 0 
0 -0.133822 -0.0359689 0.259428 0.29777 -0.00429751 -0.108106 -0.0736563 -0.051936 0.155206 -0.0386261 -0.109885 0.134922 -0.0685161 0.00483836 0.0089185 0.0197474 -0.0638035 0.10233 -0.126357 0.134297 -0.126357 0.10233 -0.0638035 0.0197474 0.0089185 0.00483836 -0.0685161 0.134922 -0.109885 -0.0386261 0.155206 -0.051936 -0.0736563 -0.108106 -0.00429751 0.29777 0.259428 -0.0359689 -0.133822 0 
0 -0.253585 -0.114409 0.169506 0.0850736 -0.135087 -0.095031 -0.0784662 0.0388225 0.1331 -0.152205 0.0281028 0.0751568 -0.0843872 0.0361076 0.0102427 -0.0259445 0.0140059 0.0094626 -0.0294442 0.0370336 -0.0294442 0.0094626 0.0140059 -0.0259445 0.0102427 0.0361076 -0.0843872 0.0751568 0.0281028 -0.152205 0.1331 0.0388225 -0.0784662 -0.095031 -0.135087 0.0850736 0.169506 -0.114409 -0.253585 0 
0 -0.275157 -0.156665 -0.0125033 -0.161555 -0.200822 -0.0878291 -0.0580951 0.123828 0.0160985 -0.149381 0.132777 -0.0362578 -0.0302486 0.0307869 0.00898638 -0.0526021 0.0806918 -0.0919953 0.0938147 -0.0934691 0.0938147 -0.0919953 0.0806918 -0.0526021 0.00898638 0.0307869 -0.0302486 -0.0362578 0.132777 -0.149381 0.0160985 0.123828 -0.0580951 -0.0878291 -0.200822 -0.161555 -0.0125033 -0.156665 -0.275157 0 
0 -0.198317 -0.192503 -0.267816 -0.380737 -0.228492 -0.101442 0.000323267 0.136421 -0.11534 -0.0346474 0.124653 -0.103911 0.0376465 0.0047572 -0.00221697 -0.030539 0.0708826 -0.103829 0.1238 -0.13033 0.1238 -0.103829 0.0708826 -0.030539 -0.00221697 0.0047572 0.0376465 -0.103911 0.124653 -0.0346474 -0.11534 0.136421 0.000323267 -0.101442 -0.228492 -0.380737 -0.267816 -0.192503 -0.198317 0 
0 -0.0704445 -0.248623 -0.53253 -0.533628 -0.262461 -0.121376 0.0673247 0.0520486 -0.163666 0.0997382 0.0195631 -0.0790342 0.0619298 -0.0147937 -0.0187573 0.0239599 -0.00795995 -0.0150773 0.0333459 -0.0401256 0.0333459 -0.0150773 -0.00795995 0.0239599 -0.0187573 -0.0147937 0.0619298 -0.0790342 0.0195631 0.0997382 -0.163666 0.0520486 0.0673247 -0.121376 -0.262461 -0.533628 -0.53253 -0.248623 -0.0704445 0 
0 0.0304948 -0.331175 -0.726542 -0.618453 -0.328951 -0.129406 0.0833319 -0.0824331 -0.0922115 0.148229 -0.0901327 0.00573323 0.0317913 -0.0161546 -0.0236274 0.0597996 -0.0806018 0.0875594 -0.087582 0.0868145 -0.087582 0.0875594 -0.0806018 0.0597996 -0.0236274 -0.0161546 0.0317913 0.00573323 -0.0901327 0.148229 -0.0922115 -0.0824331 0.0833319 -0.129406 -0.328951 -0.618453 -0.726542 -0.331175 0.0304948 0 
0 0.0333929 -0.422152 -0.79469 -0.657924 -0.417929 -0.134138 0.00471336 -0.177918 0.0417974 0.0770194 -0.116272 0.0730487 -0.0168483 -0.00739727 -0.00577258 0.0396822 -0.076103 0.10437 -0.121126 0.126556 -0.121126 0.10437 -0.076103 0.0396822 -0.00577258 -0.00739727 -0.0168483 0.0730487 -0.116272 0.0770194 0.0417974 -0.177918 0.00471336 -0.134138 -0.417929 -0.657924 -0.79469 -0.422152 0.0333929 0 
0 -0.0859433 -0.492377 -0.735512 -0.671588 -0.495959 -0.175105 -0.154276 -0.172816 0.129683 -0.0513185 -0.0467576 0.0705599 -0.0406508 -0.000596488 0.0230398 -0.0207453 0.00246041 0.0196891 -0.0363746 0.0424572 -0.0363746 0.0196891 0.00246041 -0.0207453 0.0230398 -0.000596488 -0.0406508 0.0705599 -0.0467576 -0.0513185 0.129683 -0.172816 -0.154276 -0.175105 -0.495959 -0.671588 -0.735512 -0.492377 -0.0859433 0 
0 -0.285402 -0.521777 -0.599569 -0.657326 -0.537682 -0.291078 -0.323108 -0.0874547 0.0966932 -0.133266 0.0509455 0.010939 -0.0266371 0.00209977 0.0349968 -0.064425 0.0795296 -0.0833153 0.0821002 -0.0810578 0.0821002 -0.0833153 0.0795296 -0.064425 0.0349968 0.00209977 -0.0266371 0.010939 0.0509455 -0.133266 0.0966932 -0.0874547 -0.323108 -0.291078 -0.537682 -0.657326 -0.599569 -0.521777 -0.285402 0 
0 -0.472604 -0.511532 -0.458617 -0.598714 -0.547666 -0.47671 -0.425019 -0.0149693 -0.0398232 -0.111671 0.0925941 -0.0480743 0.00395484 0.00583607 0.0138741 -0.0472607 0.0798989 -0.104255 0.118432 -0.122994 0.118432 -0.104255 0.0798989 -0.0472607 0.0138741 0.00583607 0.00395484 -0.0480743 0.0925941 -0.111671 -0.0398232 -0.0149693 -0.425019 -0.47671 -0.547666 -0.598714 -0.458617 -0.511532 -0.472604 0 
0 -0.551387 -0.478326 -0.365919 -0.492315 -0.552672 -0.667157 -0.43734 -0.0512096 -0.188088 -0.0210473 0.0480095 -0.0589132 0.0220098 0.0111116 -0.0245418 0.0169773 0.00243995 -0.023484 0.0387351 -0.0442171 0.0387351 -0.023484 0.00243995 0.0169773 -0.0245418 0.0111116 0.0220098 -0.0589132 0.0480095 -0.0210473 -0.188088 -0.0512096 -0.43734 -0.667157 -0.552672 -0.492315 -0.365919 -0.478326 -0.551387 0 
0 -0.474058 -0.435284 -0.332921 -0.369407 -0.57121 -0.77153 -0.410583 -0.218202 -0.260373 0.04508 -0.04057 -0.0227907 0.0171095 0.0101983 -0.0436646 0.0672011 -0.0778657 0.0793224 -0.0772542 0.0760357 -0.0772542 0.0793224 -0.0778657 0.0672011 -0.0436646 0.0101983 0.0171095 -0.0227907 -0.04057 0.04508 -0.260373 -0.218202 -0.410583 -0.77153 -0.57121 -0.369407 -0.332921 -0.435284 -0.474058 0 
0 -0.268521 -0.376344 -0.334635 -0.287827 -0.589378 -0.735585 -0.425968 -0.443833 -0.245752 0.0134316 -0.103292 0.018862 0.000506289 -0.0024529 -0.0216052 0.0534419 -0.0826076 0.103688 -0.115777 0.119644 -0.115777 0.103688 -0.0826076 0.0534419 -0.0216052 -0.0024529 0.000506289 0.018862 -0.103292 0.0134316 -0.245752 -0.443833 -0.425968 -0.735585 -0.589378 -0.287827 -0.334635 -0.376344 -0.268521 0 
0 -0.0228092 -0.280021 -0.335075 -0.293338 -0.56871 -0.585685 -0.523223 -0.615477 -0.215855 -0.112194 -0.106295 0.0253873 -0.0122478 -0.0191524 0.024004 -0.0130915 -0.00676331 0.0266129 -0.0405783 0.0455412 -0.0405783 0.0266129 -0.00676331 -0.0130915 0.024004 -0.0191524 -0.0122478 0.0253873 -0.106295 -0.112194 -0.215855 -0.615477 -0.523223 -0.585685 -0.56871 -0.293338 -0.335075 -0.280021 -0.0228092 0 
0 0.164302 -0.133159 -0.311317 -0.378125 -0.483442 -0.415925 -0.659157 -0.664152 -0.259949 -0.26226 -0.0778517 -0.0104168 -0.0173192 -0.0233366 0.0495502 -0.068769 0.0758429 -0.0756037 0.072948 -0.071621 0.072948 -0.0756037 0.0758429 -0.068769 0.0495502 -0.0233366 -0.0173192 -0.0104168 -0.0778517 -0.26226 -0.259949 -0.664152 -0.659157 -0.415925 -0.483442 -0.378125 -0.311317 -0.133159 0.164302 0 
0 0.235972 0.0435289 -0.259722 -0.47254 -0.354966 -0.323853 -0.735532 -0.610528 -0.40567 -0.365646 -0.0786518 -0.0648052 -0.0221694 -0.00779478 0.0272949 -0.0587137 0.0844346 -0.102821 0.113194 -0.116499 0.113194 -0.102821 0.0844346 -0.0587137 0.0272949 -0.00779478 -0.0221694 -0.0648052 -0.0786518 -0.365646 -0.40567 -0.610528 -0.735532 -0.323853 -0.354966 -0.47254 -0.259722 0.0435289 0.235972 0 
0 0.200538 0.192515 -0.185518 -0.484356 -0.248105 -0.342478 -0.677736 -0.53694 -0.592601 -0.40729 -0.147739 -0.111996 -0.0340848 0.0129258 -0.0252349 0.00863087 0.0104253 -0.0292202 0.0420133 -0.04653 0.0420133 -0.0292202 0.0104253 0.00863087 -0.0252349 0.0129258 -0.0340848 -0.111996 -0.147739 -0.40729 -0.592601 -0.53694 -0.677736 -0.342478 -0.248105 -0.484356 -0.185518 0.192515 0.200538 0 
0 0.112964 0.248999 -0.0915161 -0.362401 -0.2239 -0.421325 -0.500927 -0.512467 -0.719288 -0.430374 -0.272778 -0.148645 -0.0537255 0.0123536 -0.0597581 0.0679576 -0.0739439 0.0721 -0.0691116 0.0677104 -0.0691116 0.0721 -0.0739439 0.0679576 -0.0597581 0.0123536 -0.0537255 -0.148645 -0.272778 -0.430374 -0.719288 -0.512467 -0.500927 -0.421325 -0.2239 -0.362401 -0.0915161 0.248999 0.112964 0 
0 0.0311579 0.186345 0.0198935 -0.138099 -0.283677 -0.470716 -0.307102 -0.536813 -0.722041 -0.486287 -0.406183 -0.192597 -0.0805763 -0.0227664 -0.0443245 0.05988 -0.0863268 0.101606 -0.110728 0.11354 -0.110728 0.101606 -0.0863268 0.05988 -0.0443245 -0.0227664 -0.0805763 -0.192597 -0.406183 -0.486287 -0.722041 -0.536813 -0.307102 -0.470716 -0.283677 -0.138099 0.0198935 0.186345 0.0311579 0 
0 -0.0196413 0.0432818 0.133418 0.0893068 -0.353819 -0.432444 -0.211609 -0.550039 -0.619549 -0.581113 -0.506217 -0.261941 -0.12098 -0.0777283 0.00254978 -0.0108004 -0.0151747 0.0310458 -0.0431941 0.0472351 -0.0431941 0.0310458 -0.0151747 -0.0108004 0.00254978 -0.0777283 -0.12098 -0.261941 -0.506217 -0.581113 -0.619549 -0.550039 -0.211609 -0.432444 -0.353819 0.0893068 0.133418 0.0432818 -0.0196413 0 
0 -0.0497994 -0.0929782 0.213381 0.216959 -0.332835 -0.319306 -0.255932 -0.496035 -0.49007 -0.666824 -0.563907 -0.357113 -0.185811 -0.123434 0.026017 -0.0792369 0.0686261 -0.0696299 0.0655072 -0.0642841 0.0655072 -0.0696299 0.0686261 -0.0792369 0.026017 -0.123434 -0.185811 -0.357113 -0.563907 -0.666824 -0.49007 -0.496035 -0.255932 -0.319306 -0.332835 0.216959 0.213381 -0.0929782 -0.0497994 0 
0 -0.0783023 -0.141854 0.217648 0.206268 -0.171021 -0.193707 -0.376124 -0.380514 -0.406271 -0.682617 -0.595627 -0.461158 -0.277873 -0.147371 -0.0141919 -0.0843941 0.0808972 -0.101957 0.107976 -0.110908 0.107976 -0.101957 0.0808972 -0.0843941 -0.0141919 -0.147371 -0.277873 -0.461158 -0.595627 -0.682617 -0.406271 -0.380514 -0.376124 -0.193707 -0.171021 0.206268 0.217648 -0.141854 -0.0783023 0 
0 -0.103118 -0.0849661 0.129195 0.1041 0.0794435 -0.108041 -0.45181 -0.270335 -0.385119 -0.607576 -0.615477 -0.552999 -0.383131 -0.170638 -0.105246 -0.030678 0.00613179 -0.0360877 0.0432412 -0.0480891 0.0432412 -0.0360877 0.00613179 -0.030678 -0.105246 -0.170638 -0.383131 -0.552999 -0.615477 -0.607576 -0.385119 -0.270335 -0.45181 -0.108041 0.0794435 0.1041 0.129195 -0.0849661 -0.103118 0 
0 -0.0976155 0.0209241 -0.0190723 0.00204119 0.289201 -0.061446 -0.396185 -0.234221 -0.390885 -0.478897 -0.617733 -0.617993 -0.477733 -0.230681 -0.194006 0.0135986 -0.0883909 0.0601691 -0.0641588 0.0603945 -0.0641588 0.0601691 -0.0883909 0.0135986 -0.194006 -0.230681 -0.477733 -0.617993 -0.617733 -0.478897 -0.390885 -0.234221 -0.396185 -0.061446 0.289201 0.00204119 -0.0190723 0.0209241 -0.0976155 0 
0 -0.0380747 0.0871802 -0.152062 -0.0335055 0.339507 -0.0108737 -0.216384 -0.277764 -0.379488 -0.362923 -0.585345 -0.647856 -0.545637 -0.343318 -0.240034 -0.0195235 -0.120276 0.0882038 -0.109339 0.106602 -0.109339 0.0882038 -0.120276 -0.0195235 -0.240034 -0.343318 -0.545637 -0.647856 -0.585345 -0.362923 -0.379488 -0.277764 -0.216384 -0.0108737 0.339507 -0.0335055 -0.152062 0.0871802 -0.0380747 0 
0 0.0622985 0.062312 -0.195602 -0.00543831 0.208964 0.0759163 -0.000549993 -0.331393 -0.338518 -0.306696 -0.512979 -0.636537 -0.588516 -0.480714 -0.256755 -0.132961 -0.0748533 0.014733 -0.0511477 0.0448385 -0.0511477 0.014733 -0.0748533 -0.132961 -0.256755 -0.480714 -0.588516 -0.636537 -0.512979 -0.306696 -0.338518 -0.331393 -0.000549993 0.0759163 0.208964 -0.00543831 -0.195602 0.062312 0.0622985 0 
0 0.1471 -0.0270381 -0.127123 0.0286886 -0.00844073 0.176852 0.151689 -0.304093 -0.287812 -0.309995 -0.419932 -0.582323 -0.61645 -0.58907 -0.298517 -0.262821 -0.0215609 -0.0976046 0.0475099 -0.0649176 0.0475099 -0.0976046 -0.0215609 -0.262821 -0.298517 -0.58907 -0.61645 -0.582323 -0.419932 -0.309995 -0.287812 -0.304093 0.151689 0.176852 -0.00844073 0.0286886 -0.127123 -0.0270381 0.1471 0 
0 0.151593 -0.0978747 0.00533067 0.0145804 -0.17024 0.225174 0.196274 -0.158777 -0.246721 -0.335233 -0.339998 -0.496043 -0.629007 -0.631633 -0.403994 -0.341289 -0.0475943 -0.154653 0.081782 -0.11846 0.081782 -0.154653 -0.0475943 -0.341289 -0.403994 -0.631633 -0.629007 -0.496043 -0.339998 -0.335233 -0.246721 -0.158777 0.196274 0.225174 -0.17024 0.0145804 0.00533067 -0.0978747 0.151593 0 
0 0.0558199 -0.0805432 0.114295 -0.0480455 -0.186981 0.167417 0.15932 0.0533156 -0.205773 -0.339534 -0.297885 -0.403993 -0.60898 -0.61663 -0.550704 -0.36201 -0.173816 -0.125827 0.00688492 -0.0718813 0.00688492 -0.125827 -0.173816 -0.36201 -0.550704 -0.61663 -0.60898 -0.403993 -0.297885 -0.339534 -0.205773 0.0533156 0.15932 0.167417 -0.186981 -0.0480455 0.114295 -0.0805432 0.0558199 0 
0 -0.0879987 0.0195888 0.133965 -0.10482 -0.0803889 0.0190365 0.0978901 0.227137 -0.133492 -0.299982 -0.292711 -0.336662 -0.539618 -0.583233 -0.666722 -0.382856 -0.335089 -0.0758212 -0.120882 0.0140805 -0.120882 -0.0758212 -0.335089 -0.382856 -0.666722 -0.583233 -0.539618 -0.336662 -0.292711 -0.299982 -0.133492 0.227137 0.0978901 0.0190365 -0.0803889 -0.10482 0.133965 0.0195888 -0.0879987 0 
0 -0.182921 0.121418 0.0653444 -0.0957908 0.0449522 -0.134487 0.049058 0.27849 -0.012677 -0.21699 -0.300342 -0.309083 -0.430421 -0.559804 -0.690901 -0.462727 -0.443487 -0.101897 -0.203643 0.0325611 -0.203643 -0.101897 -0.443487 -0.462727 -0.690901 -0.559804 -0.430421 -0.309083 -0.300342 -0.21699 -0.012677 0.27849 0.049058 -0.134487 0.0449522 -0.0957908 0.0653444 0.121418 -0.182921 0 
0 -0.156028 0.133144 -0.0295416 -0.0112918 0.0902478 -0.197264 0.0116977 0.199692 0.129852 -0.103758 -0.289321 -0.309653 -0.323236 -0.536804 -0.625263 -0.594831 -0.471297 -0.238807 -0.201916 -0.0670602 -0.201916 -0.238807 -0.471297 -0.594831 -0.625263 -0.536804 -0.323236 -0.309653 -0.289321 -0.103758 0.129852 0.199692 0.0116977 -0.197264 0.0902478 -0.0112918 -0.0295416 0.133144 -0.156028 0 
0 -0.0178352 0.0319057 -0.0791938 0.0940296 0.0382805 -0.135923 -0.0309044 0.0564365 0.231438 0.021486 -0.236992 -0.308536 -0.266046 -0.482527 -0.529902 -0.70366 -0.471868 -0.424617 -0.175699 -0.23411 -0.175699 -0.424617 -0.471868 -0.70366 -0.529902 -0.482527 -0.266046 -0.308536 -0.236992 0.021486 0.231438 0.0564365 -0.0309044 -0.135923 0.0382805 0.0940296 -0.0791938 0.0319057 -0.0178352 0 
0 0.137252 -0.109543 -0.0577652 0.142108 -0.0433004 -0.00477647 -0.077926 -0.0649044 0.236786 0.134598 -0.13793 -0.27891 -0.2736 -0.385973 -0.466136 -0.711102 -0.518575 -0.56001 -0.226313 -0.371954 -0.226313 -0.56001 -0.518575 -0.711102 -0.466136 -0.385973 -0.2736 -0.27891 -0.13793 0.134598 0.236786 -0.0649044 -0.077926 -0.00477647 -0.0433004 0.142108 -0.0577652 -0.109543 0.137252 0 
0 0.196327 -0.176348 0.000687261 0.0938659 -0.0688982 0.0984518 -0.103405 -0.114078 0.141165 0.205126 -0.00598029 -0.212712 -0.310574 -0.281367 -0.443571 -0.60917 -0.623771 -0.60162 -0.396762 -0.436977 -0.396762 -0.60162 -0.623771 -0.60917 -0.443571 -0.281367 -0.310574 -0.212712 -0.00598029 0.205126 0.141165 -0.114078 -0.103405 0.0984518 -0.0688982 0.0938659 0.000687261 -0.176348 0.196327 0 
0 0.113152 -0.105726 0.0381755 -0.0183619 -0.0119676 0.109378 -0.0810877 -0.0967727 -0.00227725 0.206886 0.127063 -0.119296 -0.315781 -0.224613 -0.421855 -0.469489 -0.71978 -0.597553 -0.628479 -0.481893 -0.628479 -0.597553 -0.71978 -0.469489 -0.421855 -0.224613 -0.315781 -0.119296 0.127063 0.206886 -0.00227725 -0.0967727 -0.0810877 0.109378 -0.0119676 -0.0183619 0.0381755 -0.105726 0.113152 0 
0 -0.0530308 0.055591 0.0255541 -0.114857 0.073701 0.042352 -0.0150753 -0.0519222 -0.117052 0.1364 0.218472 -0.0134116 -0.249075 -0.239962 -0.362737 -0.380473 -0.722659 -0.631775 -0.815818 -0.600102 -0.815818 -0.631775 -0.722659 -0.380473 -0.362737 -0.239962 -0.249075 -0.0134116 0.218472 0.1364 -0.117052 -0.0519222 -0.0150753 0.042352 0.073701 -0.114857 0.0255541 0.055591 -0.0530308 0 
0 -0.1788 0.182243 -0.0146608 -0.129109 0.104393 -0.0311939 0.0560821 -0.0141425 -0.152181 0.0230687 0.231392 0.0915279 -0.121175 -0.288283 -0.277359 -0.372568 -0.617271 -0.734728 -0.903218 -0.826169 -0.903218 -0.734728 -0.617271 -0.372568 -0.277359 -0.288283 -0.121175 0.0915279 0.231392 0.0230687 -0.152181 -0.0141425 0.0560821 -0.0311939 0.104393 -0.129109 -0.0146608 0.182243 -0.1788 0 
0 -0.169609 0.169409 -0.0342619 -0.0563743 0.0428126 -0.0490242 0.0878644 0.00668362 -0.108988 -0.0819942 0.157266 0.178258 0.018124 -0.292095 -0.218514 -0.402037 -0.480071 -0.85044 -0.929233 -1.09076 -0.929233 -0.85044 -0.480071 -0.402037 -0.218514 -0.292095 0.018124 0.178258 0.157266 -0.0819942 -0.108988 0.00668362 0.0878644 -0.0490242 0.0428126 -0.0563743 -0.0342619 0.169409 -0.169609 0 
0 -0.0332606 0.0209021 -0.00847338 0.0466856 -0.0665237 -0.00967309 0.0651293 0.0188869 -0.030129 -0.133991 0.0285721 0.219706 0.119901 -0.199958 -0.223946 -0.405134 -0.415955 -0.893257 -0.975931 -1.27459 -0.975931 -0.893257 -0.415955 -0.405134 -0.223946 -0.199958 0.119901 0.219706 0.0285721 -0.133991 -0.030129 0.0188869 0.0651293 -0.00967309 -0.0665237 0.0466856 -0.00847338 0.0209021 -0.0332606 0 
0 0.124943 -0.148489 0.0384487 0.107653 -0.133345 0.034166 0.0121331 0.0303969 0.0350191 -0.119381 -0.0929786 0.18842 0.166665 -0.0338524 -0.268678 -0.365639 -0.46846 -0.837418 -1.07663 -1.30909 -1.07663 -0.837418 -0.46846 -0.365639 -0.268678 -0.0338524 0.166665 0.18842 -0.0929786 -0.119381 0.0350191 0.0303969 0.0121331 0.034166 -0.133345 0.107653 0.0384487 -0.148489 0.124943 0 
0 0.183553 -0.202788 0.0559375 0.0910704 -0.098039 0.030619 -0.030789 0.0384964 0.0604116 -0.0595708 -0.15078 0.0813451 0.168738 0.123676 -0.278943 -0.327609 -0.587498 -0.749141 -1.17563 -1.22736 -1.17563 -0.749141 -0.587498 -0.327609 -0.278943 0.123676 0.168738 0.0813451 -0.15078 -0.0595708 0.0604116 0.0384964 -0.030789 0.030619 -0.098039 0.0910704 0.0559375 -0.202788 0.183553 0 
0 0.0996897 -0.0958198 0.0175283 0.0184269 0.0167089 -0.0204444 -0.0410377 0.0347534 0.0503297 0.00743267 -0.127748 -0.0619128 0.137698 0.191815 -0.200721 -0.342384 -0.681975 -0.727076 -1.18095 -1.11976 -1.18095 -0.727076 -0.681975 -0.342384 -0.200721 0.191815 0.137698 -0.0619128 -0.127748 0.00743267 0.0503297 0.0347534 -0.0410377 -0.0204444 0.0167089 0.0184269 0.0175283 -0.0958198 0.0996897 0 
0 -0.0579736 0.0883625 -0.0489933 -0.0548708 0.122598 -0.0673679 -0.0271903 0.0159567 0.0256294 0.0513651 -0.0544621 -0.171727 0.0702837 0.148291 -0.0597799 -0.406642 -0.70283 -0.807204 -1.0575 -1.04276 -1.0575 -0.807204 -0.70283 -0.406642 -0.0597799 0.148291 0.0702837 -0.171727 -0.0544621 0.0513651 0.0256294 0.0159567 -0.0271903 -0.0673679 0.122598 -0.0548708 -0.0489933 0.0883625 -0.0579736 0 
0 -0.164559 0.201622 -0.0826453 -0.0823319 0.136628 -0.0567555 -0.0126006 -0.0112086 0.00494493 0.0624069 0.0159646 -0.191722 -0.038131 0.0332472 0.046463 -0.458231 -0.675731 -0.923812 -0.867792 -0.973131 -0.867792 -0.923812 -0.675731 -0.458231 0.046463 0.0332472 -0.038131 -0.191722 0.0159646 0.0624069 0.00494493 -0.0112086 -0.0126006 -0.0567555 0.136628 -0.0823319 -0.0826453 0.201622 -0.164559 0 
0 -0.13846 0.152269 -0.0451522 -0.0551313 0.0475728 0.0132416 -0.00870155 -0.0346835 -0.00541248 0.0474726 0.0460802 -0.121398 -0.167099 -0.0963371 0.0232285 -0.438021 -0.656277 -0.964395 -0.718425 -0.850829 -0.718425 -0.964395 -0.656277 -0.438021 0.0232285 -0.0963371 -0.167099 -0.121398 0.0460802 0.0474726 -0.00541248 -0.0346835 -0.00870155 0.0132416 0.0475728 -0.0551313 -0.0451522 0.152269 -0.13846 0 
0 -0.00506355 -0.0191214 0.0392014 0.000240068 -0.0757417 0.0863357 -0.00581223 -0.0443451 -0.00986639 0.0189689 0.0346743 -0.0206295 -0.266951 -0.21372 -0.14521 -0.357063 -0.659289 -0.866456 -0.663651 -0.662326 -0.663651 -0.866456 -0.659289 -0.357063 -0.14521 -0.21372 -0.266951 -0.0206295 0.0346743 0.0189689 -0.00986639 -0.0443451 -0.00581223 0.0863357 -0.0757417 0.000240068 0.0392014 -0.0191214 -0.00506355 0 
0 0.126084 -0.172417 0.099234 0.0463564 -0.139541 0.0958735 0.0104808 -0.0357539 -0.0157312 -0.0128172 0.0055161 0.0323846 -0.291915 -0.327284 -0.383739 -0.298699 -0.638536 -0.666024 -0.659248 -0.474485 -0.659248 -0.666024 -0.638536 -0.298699 -0.383739 -0.327284 -0.291915 0.0323846 0.0055161 -0.0128172 -0.0157312 -0.0357539 0.0104808 0.0958735 -0.139541 0.0463564 0.099234 -0.172417 0.126084 0 
0 0.151086 -0.183174 0.0781345 0.0592176 -0.0980129 0.0252094 0.0365634 -0.0105982 -0.0258731 -0.0407485 -0.0215083 -0.00239344 -0.244647 -0.446119 -0.586895 -0.346553 -0.539696 -0.457026 -0.610347 -0.379025 -0.610347 -0.457026 -0.539696 -0.346553 -0.586895 -0.446119 -0.244647 -0.00239344 -0.0215083 -0.0407485 -0.0258731 -0.0105982 0.0365634 0.0252094 -0.0980129 0.0592176 0.0781345 -0.183174 0.151086 0 
0 0.0547512 -0.0450391 -0.0130213 0.0375005 0.0136288 -0.0734218 0.048017 0.0225291 -0.0359152 -0.0601509 -0.048564 -0.102514 -0.187183 -0.54978 -0.694771 -0.502779 -0.371902 -0.307026 -0.465286 -0.399227 -0.465286 -0.307026 -0.371902 -0.502779 -0.694771 -0.54978 -0.187183 -0.102514 -0.048564 -0.0601509 -0.0359152 0.0225291 0.048017 -0.0734218 0.0136288 0.0375005 -0.0130213 -0.0450391 0.0547512 0 
0 -0.0802191 0.126048 -0.0995511 -0.00281502 0.109476 -0.119931 0.022739 0.0474173 -0.0374052 -0.0705977 -0.0920039 -0.210313 -0.199201 -0.599039 -0.718401 -0.674283 -0.220608 -0.21281 -0.264145 -0.452458 -0.264145 -0.21281 -0.220608 -0.674283 -0.718401 -0.599039 -0.199201 -0.210313 -0.0920039 -0.0705977 -0.0374052 0.0474173 0.022739 -0.119931 0.109476 -0.00281502 -0.0995511 0.126048 -0.0802191 0 
0 -0.143568 0.189168 -0.105497 -0.0392419 0.119898 -0.0734204 -0.0320369 0.0449303 -0.0259876 -0.0780978 -0.15967 -0.285758 -0.313957 -0.578179 -0.701162 -0.743398 -0.180784 -0.133378 -0.0972483 -0.411532 -0.0972483 -0.133378 -0.180784 -0.743398 -0.701162 -0.578179 -0.313957 -0.285758 -0.15967 -0.0780978 -0.0259876 0.0449303 -0.0320369 -0.0734204 0.119898 -0.0392419 -0.105497 0.189168 -0.143568 0 
0 -0.0878407 0.0954383 -0.021213 -0.0524475 0.0422063 0.0317653 -0.0779168 0.00547207 -0.00986811 -0.0929634 -0.238464 -0.33673 -0.487719 -0.522009 -0.663736 -0.661301 -0.269762 -0.0567644 -0.0179551 -0.213465 -0.0179551 -0.0567644 -0.269762 -0.661301 -0.663736 -0.522009 -0.487719 -0.33673 -0.238464 -0.0929634 -0.00986811 0.00547207 -0.0779168 0.0317653 0.0422063 -0.0524475 -0.021213 0.0954383 -0.0878407 0 
0 0.0356664 -0.0732742 0.0844253 -0.034181 -0.0617595 0.112141 -0.075529 -0.0586685 -0.0106874 -0.12343 -0.30545 -0.400883 -0.632306 -0.492698 -0.59027 -0.481927 -0.403375 -0.0236982 0.00275835 0.0823575 0.00275835 -0.0236982 -0.403375 -0.481927 -0.59027 -0.492698 -0.632306 -0.400883 -0.30545 -0.12343 -0.0106874 -0.0586685 -0.075529 0.112141 -0.0617595 -0.034181 0.0844253 -0.0732742 0.0356664 0 
0 0.123022 -0.175327 0.120987 0.00684241 -0.115356 0.102124 -0.0220086 -0.115029 -0.0516877 -0.171217 -0.350789 -0.499033 -0.684136 -0.522682 -0.465325 -0.310001 -0.461707 -0.078937 0.0367574 0.33838 0.0367574 -0.078937 -0.461707 -0.310001 -0.465325 -0.522682 -0.684136 -0.499033 -0.350789 -0.171217 -0.0516877 -0.115029 -0.0220086 0.102124 -0.115356 0.00684241 0.120987 -0.175327 0.123022 0 
0 0.105035 -0.128714 0.0549344 0.0458525 -0.0840323 0.00670378 0.0392898 -0.132299 -0.138405 -0.234014 -0.388296 -0.606398 -0.649326 -0.57869 -0.315888 -0.214832 -0.38642 -0.200945 0.117239 0.443592 0.117239 -0.200945 -0.38642 -0.214832 -0.315888 -0.57869 -0.649326 -0.606398 -0.388296 -0.234014 -0.138405 -0.132299 0.0392898 0.00670378 -0.0840323 0.0458525 0.0549344 -0.128714 0.105035 0 
0 0.00235166 0.0222485 -0.0593009 0.0546619 0.00244612 -0.103254 0.0495445 -0.108198 -0.247499 -0.311479 -0.441758 -0.66997 -0.586126 -0.586657 -0.206888 -0.187825 -0.221867 -0.289775 0.199762 0.385627 0.199762 -0.289775 -0.221867 -0.187825 -0.206888 -0.586657 -0.586126 -0.66997 -0.441758 -0.311479 -0.247499 -0.108198 0.0495445 -0.103254 0.00244612 0.0546619 -0.0593009 0.0222485 0.00235166 0 
0 -0.0959449 0.147849 -0.124658 0.0219266 0.0755536 -0.148587 -0.017836 -0.0794873 -0.337762 -0.40552 -0.519703 -0.655528 -0.544019 -0.499548 -0.188064 -0.174093 -0.0657811 -0.239244 0.206368 0.234729 0.206368 -0.239244 -0.0657811 -0.174093 -0.188064 -0.499548 -0.544019 -0.655528 -0.519703 -0.40552 -0.337762 -0.0794873 -0.017836 -0.148587 0.0755536 0.0219266 -0.124658 0.147849 -0.0959449 0 
0 -0.109307 0.144374 -0.0852423 -0.0340481 0.0792192 -0.105197 -0.133317 -0.099932 -0.380396 -0.511166 -0.603059 -0.579252 -0.518672 -0.345687 -0.243619 -0.136777 0.0198612 -0.0339449 0.10866 0.0696511 0.10866 -0.0339449 0.0198612 -0.136777 -0.243619 -0.345687 -0.518672 -0.579252 -0.603059 -0.511166 -0.380396 -0.099932 -0.133317 -0.105197 0.0792192 -0.0340481 -0.0852423 0.144374 -0.109307 0 
0 -0.0319216 0.0200752 0.0243762 -0.0745045 0.00846402 -0.0227332 -0.233422 -0.198839 -0.385607 -0.607093 -0.657489 -0.493783 -0.465223 -0.209555 -0.29798 -0.0870113 0.0528925 0.220458 -0.0344505 -0.0759224 -0.0344505 0.220458 0.0528925 -0.0870113 -0.29798 -0.209555 -0.465223 -0.493783 -0.657489 -0.607093 -0.385607 -0.198839 -0.233422 -0.0227332 0.00846402 -0.0745045 0.0243762 0.0200752 -0.0319216 0 
0 0.0664431 -0.116148 0.108199 -0.0694986 -0.0908326 0.0148577 -0.272209 -0.353084 -0.399497 -0.660248 -0.658395 -0.442101 -0.354998 -0.159446 -0.277492 -0.0550118 0.0928391 0.369242 -0.124202 -0.20076 -0.124202 0.369242 0.0928391 -0.0550118 -0.277492 -0.159446 -0.354998 -0.442101 -0.658395 -0.660248 -0.399497 -0.353084 -0.272209 0.0148577 -0.0908326 -0.0694986 0.108199 -0.116148 0.0664431 0 
