0 0 0 0 0 0 0 0 0 0 0 0 0 0 0 0 0 1 1 1 1 1 1 1 0 0 0 0 0 0 0 0 0 0 0 0 0 0 0 0 0 
0 0 0 0 0 0 0 0 0 0 0 0 0 0 0 0 0.125 0.875 1 1 1 1 1 0.875 0.125 0 0 0 0 0 0 0 0 0 0 0 0 0 0 0 0 
0 0 0 0 0 0 0 0 0 0 0 0 0 0 0 0.03125 0.40625 0.59375 0.96875 1 1 1 0.96875 0.59375 0.40625 0.03125 0 0 0 0 0 0 0 0 0 0 0 0 0 0 0 
0 0 0 0 0 0 0 0 0 0 0 0 0 0 0.0078125 0.148438 0.640625 0.359375 0.851563 0.992188 1 0.992188 0.851563 0.359375 0.640625 0.148438 0.0078125 0 0 0 0 0 0 0 0 0 0 0 0 0 0 
0 0 0 0 0 0 0 0 0 0 0 0 0 0.00195313 0.0488281 0.353516 0.681641 0.318359 0.646484 0.951172 0.996094 0.951172 0.646484 0.318359 0.681641 0.353516 0.0488281 0.00195313 0 0 0 0 0 0 0 0 0 0 0 0 0 
0 0 0 0 0 0 0 0 0 0 0 0 0.000488281 0.0151367 0.154297 0.564453 0.549805 0.450195 0.435547 0.845215 0.969727 0.845215 0.435547 0.450195 0.549805 0.564453 0.154297 0.0151367 0.000488281 0 0 0 0 0 0 0 0 0 0 0 0 
0 0 0 0 0 0 0 0 0 0 0 0.00012207 0.0045166 0.0594482 0.327515 0.669189 0.396729 0.603271 0.330688 0.667969 0.881104 0.667969 0.330688 0.603271 0.396729 0.669189 0.327515 0.0594482 0.0045166 0.00012207 0 0 0 0 0 0 0 0 0 0 0 
0 0 0 0 0 0 0 0 0 0 3.05176e-05 0.00131226 0.0211792 0.157043 0.519135 0.620392 0.363403 0.636566 0.378296 0.459686 0.685913 0.459686 0.378296 0.636566 0.363403 0.620392 0.519135 0.157043 0.0211792 0.00131226 3.05176e-05 0 0 0 0 0 0 0 0 0 0 
0 0 0 0 0 0 0 0 0 7.62939e-06 0.00037384 0.00714874 0.0668411 0.311195 0.645546 0.482033 0.462616 0.537003 0.510818 0.287613 0.377609 0.287613 0.510818 0.537003 0.462616 0.482033 0.645546 0.311195 0.0668411 0.00714874 0.00037384 7.62939e-06 0 0 0 0 0 0 0 0 0 
0 0 0 0 0 0 0 0 1.90735e-06 0.000104904 0.00231934 0.0262146 0.158669 0.487846 0.647491 0.379698 0.585279 0.412296 0.594086 0.19384 0.0243073 0.19384 0.594086 0.412296 0.585279 0.379698 0.647491 0.487846 0.158669 0.0262146 0.00231934 0.000104904 1.90735e-06 0 0 0 0 0 0 0 0 
0 0 0 0 0 0 0 4.76837e-07 2.90871e-05 0.000730038 0.00968504 0.0724201 0.299677 0.622114 0.542577 0.395707 0.613302 0.376283 0.531844 0.157745 -0.244228 0.157745 0.531844 0.376283 0.613302 0.395707 0.542577 0.622114 0.299677 0.0724201 0.00968504 0.000730038 2.90871e-05 4.76837e-07 0 0 0 0 0 0 0 
0 0 0 0 0 0 1.19209e-07 7.98702e-06 0.000224352 0.00341868 0.0304958 0.159756 0.46448 0.655888 0.42083 0.502832 0.527671 0.438415 0.337188 0.114682 -0.311777 0.114682 0.337188 0.438415 0.527671 0.502832 0.42083 0.655888 0.46448 0.159756 0.0304958 0.00341868 0.000224352 7.98702e-06 1.19209e-07 0 0 0 0 0 0 
0 0 0 0 0 2.98023e-08 2.17557e-06 6.76215e-05 0.00116411 0.012078 0.0768523 0.290958 0.600955 0.583046 0.378347 0.595666 0.413516 0.497554 0.112212 0.0206302 -0.166096 0.0206302 0.112212 0.497554 0.413516 0.595666 0.378347 0.583046 0.600955 0.290958 0.0768523 0.012078 0.00116411 6.76215e-05 2.17557e-06 2.98023e-08 0 0 0 0 0 
0 0 0 0 7.45058e-09 5.88596e-07 2.0057e-05 0.000385016 0.00455822 0.0342024 0.160542 0.446133 0.655453 0.463506 0.441369 0.588633 0.365908 0.439348 -0.0393243 -0.0972078 0.0729477 -0.0972078 -0.0393243 0.439348 0.365908 0.588633 0.441369 0.463506 0.655453 0.446133 0.160542 0.0342024 0.00455822 0.000385016 2.0057e-05 5.88596e-07 7.45058e-09 0 0 0 0 
0 0 0 1.86265e-09 1.58325e-07 5.86919e-06 0.000124311 0.00165447 0.0143201 0.0805006 0.284044 0.58224 0.609634 0.386419 0.546742 0.489103 0.392342 0.243114 -0.0856631 -0.158036 0.226914 -0.158036 -0.0856631 0.243114 0.392342 0.489103 0.546742 0.386419 0.609634 0.58224 0.284044 0.0805006 0.0143201 0.00165447 0.000124311 5.86919e-06 1.58325e-07 1.86265e-09 0 0 0 
0 0 4.65661e-10 4.23752e-08 1.6978e-06 3.93325e-05 0.000581495 0.00570779 0.0374607 0.16114 0.431209 0.650646 0.501163 0.405216 0.597624 0.379792 0.405659 0.00199247 -0.0679009 -0.104534 0.188405 -0.104534 -0.0679009 0.00199247 0.405659 0.379792 0.597624 0.405216 0.501163 0.650646 0.431209 0.16114 0.0374607 0.00570779 0.000581495 3.93325e-05 1.6978e-06 4.23752e-08 4.65661e-10 0 0 
0 1.16415e-10 1.12923e-08 4.86267e-07 1.22321e-05 0.000198928 0.00218471 0.0164178 0.0835828 0.278376 0.565717 0.626823 0.406076 0.496102 0.545946 0.331406 0.311592 -0.155686 -0.0418236 0.0313618 0.00342703 0.0313618 -0.0418236 -0.155686 0.311592 0.331406 0.545946 0.496102 0.406076 0.626823 0.565717 0.278376 0.0835828 0.0164178 0.00218471 0.000198928 1.22321e-05 4.86267e-07 1.12923e-08 1.16415e-10 0 
0 2.99769e-09 1.38069e-07 3.74787e-06 6.65039e-05 0.000808295 0.00684975 0.0403607 0.161612 0.41875 0.643665 0.532536 0.388682 0.576942 0.428172 0.331701 0.10566 -0.168079 -0.0259154 0.141977 -0.167584 0.141977 -0.0259154 -0.168079 0.10566 0.331701 0.428172 0.576942 0.388682 0.532536 0.643665 0.41875 0.161612 0.0403607 0.00684975 0.000808295 6.65039e-05 3.74787e-06 1.38069e-07 2.99769e-09 0 
0 3.88973e-08 1.13353e-06 2.1796e-05 0.000290535 0.00274258 0.0183822 0.0862387 0.273613 0.551068 0.637603 0.430068 0.454317 0.573525 0.323473 0.299603 -0.112197 -0.0764963 -0.00357487 0.133229 -0.183814 0.133229 -0.00357487 -0.0764963 -0.112197 0.299603 0.323473 0.573525 0.454317 0.430068 0.637603 0.551068 0.273613 0.0862387 0.0183822 0.00274258 0.000290535 2.1796e-05 1.13353e-06 3.88973e-08 0 
0 3.3873e-07 7.02096e-06 0.000101863 0.00106039 0.00797374 0.0429688 0.161996 0.408134 0.635656 0.558023 0.385546 0.543691 0.477793 0.275319 0.170523 -0.218178 0.0243912 0.0347363 0.0110193 -0.0415229 0.0110193 0.0347363 0.0243912 -0.218178 0.170523 0.275319 0.477793 0.543691 0.385546 0.558023 0.635656 0.408134 0.161996 0.0429688 0.00797374 0.00106039 0.000101863 7.02096e-06 3.3873e-07 0 
0 2.22444e-06 3.49484e-05 0.000397852 0.00331895 0.0202253 0.0885635 0.269531 0.538001 0.643955 0.454732 0.423679 0.577055 0.347917 0.251585 -0.0295332 -0.166342 0.0672226 0.064532 -0.118397 0.127039 -0.118397 0.064532 0.0672226 -0.166342 -0.0295332 0.251585 0.347917 0.577055 0.423679 0.454732 0.643955 0.538001 0.269531 0.0885635 0.0202253 0.00331895 0.000397852 3.49484e-05 2.22444e-06 0 
0 1.1735e-05 0.000145421 0.00133339 0.00907384 0.0453349 0.162316 0.398942 0.627239 0.57846 0.390983 0.50792 0.51479 0.251243 0.181654 -0.193512 -0.0219123 0.0509901 0.0492681 -0.140722 0.172884 -0.140722 0.0492681 0.0509901 -0.0219123 -0.193512 0.181654 0.251243 0.51479 0.50792 0.390983 0.57846 0.627239 0.398942 0.162316 0.0453349 0.00907384 0.00133339 0.000145421 1.1735e-05 0 
0 5.17333e-05 0.000519464 0.00390705 0.0219589 0.0906244 0.265979 0.52627 0.647208 0.478291 0.403338 0.564644 0.384921 0.203058 0.0353289 -0.2208 0.0978431 0.0161015 -0.0130627 -0.0371477 0.0619252 -0.0371477 -0.0130627 0.0161015 0.0978431 -0.2208 0.0353289 0.203058 0.384921 0.564644 0.403338 0.478291 0.647208 0.52627 0.265979 0.0906244 0.0219589 0.00390705 0.000519464 5.17333e-05 0 
0 0.000195731 0.00162347 0.0101468 0.0474973 0.162586 0.390876 0.61876 0.594713 0.401613 0.474758 0.53611 0.254516 0.158407 -0.133096 -0.104394 0.117502 -0.00564275 -0.0741237 0.0972157 -0.0985697 0.0972157 -0.0741237 -0.00564275 0.117502 -0.104394 -0.133096 0.158407 0.254516 0.53611 0.474758 0.401613 0.594713 0.61876 0.390876 0.162586 0.0474973 0.0101468 0.00162347 0.000195731 0 
0 0.000647731 0.00450137 0.0235933 0.0924703 0.262848 0.515672 0.648268 0.499955 0.391496 0.543229 0.421841 0.170483 0.0649075 -0.22147 0.0603098 0.0509013 -0.013721 -0.0752296 0.139798 -0.161172 0.139798 -0.0752296 -0.013721 0.0509013 0.0603098 -0.22147 0.0649075 0.170483 0.421841 0.543229 0.391496 0.499955 0.648268 0.515672 0.262848 0.0924703 0.0235933 0.00450137 0.000647731 0 
0 0.00190121 0.0111888 0.0494861 0.162819 0.383722 0.610411 0.607548 0.41516 0.446427 0.54342 0.275078 0.122896 -0.0737927 -0.167805 0.152217 -0.0295033 -0.0210208 -0.00720147 0.0533808 -0.0732893 0.0533808 -0.00720147 -0.0210208 -0.0295033 0.152217 -0.167805 -0.0737927 0.122896 0.275078 0.54342 0.446427 0.41516 0.607548 0.610411 0.383722 0.162819 0.0494861 0.0111888 0.00190121 0 
0 0.00500129 0.0251287 0.0941377 0.260059 0.506042 0.647762 0.519447 0.386279 0.51779 0.452277 0.157356 0.0641816 -0.186824 -0.0106308 0.118688 -0.0623572 -0.0269864 0.0725174 -0.0798494 0.0779285 -0.0798494 0.0725174 -0.0269864 -0.0623572 0.118688 -0.0106308 -0.186824 0.0641816 0.157356 0.452277 0.51779 0.386279 0.519447 0.647762 0.506042 0.260059 0.0941377 0.0251287 0.00500129 0 
0 0.0118829 0.051289 0.163018 0.377316 0.602296 0.617604 0.430133 0.423568 0.539897 0.303783 0.0900702 -0.0339902 -0.193055 0.134825 0.00756857 -0.0411072 -0.0169188 0.0892686 -0.135543 0.150257 -0.135543 0.0892686 -0.0169188 -0.0411072 0.00756857 0.134825 -0.193055 -0.0339902 0.0900702 0.303783 0.539897 0.423568 0.430133 0.617604 0.602296 0.377316 0.163018 0.051289 0.0118829 0 
0 0.0256453 0.0955299 0.25754 0.497242 0.646132 0.536751 0.386045 0.49158 0.473893 0.160888 0.0451974 -0.140913 -0.0775506 0.166496 -0.0839059 -0.00164104 0.0136486 0.0232699 -0.0635843 0.0796857 -0.0635843 0.0232699 0.0136486 -0.00164104 -0.0839059 0.166496 -0.0775506 -0.140913 0.0451974 0.160888 0.473893 0.49158 0.386045 0.536751 0.646132 0.497242 0.25754 0.0955299 0.0256453 0 
0 0.0504675 0.162802 0.371485 0.594466 0.625401 0.445568 0.406017 0.528787 0.334059 0.0673225 -0.0172803 -0.185468 0.0831251 0.0745554 -0.0922137 0.0210813 0.0427989 -0.0668476 0.0659059 -0.0625209 0.0659059 -0.0668476 0.0427989 0.0210813 -0.0922137 0.0745554 0.0831251 -0.185468 -0.0172803 0.0673225 0.334059 0.528787 0.406017 0.445568 0.625401 0.594466 0.371485 0.162802 0.0504675 0 
0 0.0907565 0.254161 0.489005 0.643678 0.551977 0.389455 0.46657 0.486619 0.176224 0.0192902 -0.100654 -0.120827 0.17451 -0.0569352 -0.0305054 0.0209093 0.0391082 -0.0963651 0.130101 -0.140514 0.130101 -0.0963651 0.0391082 0.0209093 -0.0305054 -0.0569352 0.17451 -0.120827 -0.100654 0.0192902 0.176224 0.486619 0.46657 0.389455 0.551977 0.643678 0.489005 0.254161 0.0907565 0 
0 0.149208 0.36338 0.586482 0.631297 0.460848 0.393251 0.512856 0.361841 0.0567536 -0.0194949 -0.159085 0.0226908 0.1342 -0.123957 0.0374491 0.0124333 -0.00300061 -0.0353978 0.0700259 -0.0831996 0.0700259 -0.0353978 -0.00300061 0.0124333 0.0374491 -0.123957 0.1342 0.0226908 -0.159085 -0.0194949 0.0567536 0.361841 0.512856 0.393251 0.460848 0.631297 0.586482 0.36338 0.149208 0 
0 0.2239 0.474832 0.639388 0.565099 0.395432 0.443848 0.491487 0.198544 -0.00550697 -0.0741154 -0.137175 0.148642 0.00147252 -0.0860881 0.0587981 0.00635282 -0.0493502 0.0600247 -0.0547116 0.0507275 -0.0547116 0.0600247 -0.0493502 0.00635282 0.0587981 -0.0860881 0.00147252 0.148642 -0.137175 -0.0741154 -0.00550697 0.198544 0.491487 0.443848 0.395432 0.565099 0.639388 0.474832 0.2239 0 
0 0.30535 0.564689 0.632582 0.475057 0.384537 0.49425 0.384972 0.0574702 -0.0339069 -0.127349 -0.0280452 0.166347 -0.116352 0.00989244 0.0308143 -0.000542105 -0.0544303 0.0994195 -0.124405 0.131935 -0.124405 0.0994195 -0.0544303 -0.000542105 0.0308143 0.00989244 -0.116352 0.166347 -0.0280452 -0.127349 -0.0339069 0.0574702 0.384972 0.49425 0.384537 0.475057 0.632582 0.564689 0.30535 0 
0 0.375298 0.606685 0.569422 0.401766 0.4237 0.489905 0.223902 -0.0245723 -0.062823 -0.132396 0.104857 0.0647788 -0.131941 0.0795423 -0.0102391 -0.01307 -0.00757594 0.0443956 -0.0740576 0.0849725 -0.0740576 0.0443956 -0.00757594 -0.01307 -0.0102391 0.0795423 -0.131941 0.0647788 0.104857 -0.132396 -0.062823 -0.0245723 0.223902 0.489905 0.4237 0.401766 0.569422 0.606685 0.375298 0 
0 0.409267 0.581518 0.473664 0.375873 0.473931 0.402508 0.0672137 -0.0540589 -0.0995695 -0.0607364 0.168426 -0.0759498 -0.0454791 0.0738759 -0.0295549 -0.0235167 0.0508978 -0.0532345 0.0456609 -0.0415051 0.0456609 -0.0532345 0.0508978 -0.0235167 -0.0295549 0.0738759 -0.0454791 -0.0759498 0.168426 -0.0607364 -0.0995695 -0.0540589 0.0672137 0.402508 0.473931 0.375873 0.473664 0.581518 0.409267 0 
0 0.383983 0.486325 0.380421 0.398941 0.481792 0.249143 -0.0359692 -0.0646051 -0.11523 0.0585051 0.113611 -0.147967 0.063204 0.0125131 -0.0215034 -0.0168692 0.0647349 -0.100108 0.118864 -0.1244 0.118864 -0.100108 0.0647349 -0.0168692 -0.0215034 0.0125131 0.063204 -0.147967 0.113611 0.0585051 -0.11523 -0.0646051 -0.0359692 0.249143 0.481792 0.398941 0.380421 0.486325 0.383983 0 
0 0.288288 0.339071 0.318285 0.438092 0.410777 0.0826619 -0.0750331 -0.0806485 -0.0748007 0.148089 -0.0203753 -0.101797 0.106422 -0.0446811 -0.00378922 0.00902066 0.0169603 -0.0510272 0.0765083 -0.0856625 0.0765083 -0.0510272 0.0169603 0.00902066 -0.00378922 -0.0446811 0.106422 -0.101797 -0.0203753 0.148089 -0.0748007 -0.0806485 -0.0750331 0.0826619 0.410777 0.438092 0.318285 0.339071 0.288288 0 
0 0.133217 0.173924 0.291297 0.440463 0.264563 -0.0412135 -0.0760771 -0.0938261 0.0198893 0.139835 -0.1326 0.0167833 0.059809 -0.0538766 0.00690445 0.033693 -0.0497961 0.0469339 -0.038274 0.0341601 -0.038274 0.0469339 -0.0497961 0.033693 0.00690445 -0.0538766 0.059809 0.0167833 -0.1326 0.139835 0.0198893 -0.0938261 -0.0760771 -0.0412135 0.264563 0.440463 0.291297 0.173924 0.133217 0 
0 -0.0449814 0.0279442 0.272257 0.361567 0.0858795 -0.0973608 -0.0728424 -0.0741377 0.116137 0.033485 -0.139371 0.108774 -0.0259814 -0.0194555 0.00909998 0.0307959 -0.0714977 0.0994106 -0.113646 0.117766 -0.113646 0.0994106 -0.0714977 0.0307959 0.00909998 -0.0194555 -0.0259814 0.108774 -0.139371 0.033485 0.116137 -0.0741377 -0.0728424 -0.0973608 0.0858795 0.361567 0.272257 0.0279442 -0.0449814 0 
0 -0.193703 -0.075189 0.214467 0.191422 -0.0696921 -0.101568 -0.0760612 -0.00655676 0.144153 -0.0954157 -0.0408912 0.105039 -0.0764516 0.020473 0.00958062 -0.00309855 -0.0248988 0.0558961 -0.0779006 0.0856655 -0.0779006 0.0558961 -0.0248988 -0.00309855 0.00958062 0.020473 -0.0764516 0.105039 -0.0408912 -0.0954157 0.144153 -0.00655676 -0.0760612 -0.101568 -0.0696921 0.191422 0.214467 -0.075189 -0.193703 0 
0 -0.264371 -0.135537 0.0785012 -0.0382407 -0.167954 -0.0914301 -0.0682806 0.0813254 0.0745992 -0.150793 0.08044 0.0194495 -0.0573179 0.0334472 0.00961456 -0.0392733 0.0473488 -0.0412663 0.0321853 -0.0282178 0.0321853 -0.0412663 0.0473488 -0.0392733 0.00961456 0.0334472 -0.0573179 0.0194495 0.08044 -0.150793 0.0745992 0.0813254 -0.0682806 -0.0914301 -0.167954 -0.0382407 0.0785012 -0.135537 -0.264371 0 
0 -0.236737 -0.174584 -0.140159 -0.271146 -0.214657 -0.0946355 -0.0288859 0.130124 -0.0496209 -0.0920143 0.128715 -0.0700846 0.00369893 0.0177721 0.0033847 -0.0415705 0.0757872 -0.097912 0.108807 -0.111899 0.108807 -0.097912 0.0757872 -0.0415705 0.0033847 0.0177721 0.00369893 -0.0700846 0.128715 -0.0920143 -0.0496209 0.130124 -0.0288859 -0.0946355 -0.214657 -0.271146 -0.140159 -0.174584 -0.236737 0 
0 -0.134381 -0.220563 -0.400173 -0.457183 -0.245477 -0.111409 0.033824 0.0942346 -0.139503 0.0325454 0.0721082 -0.0914728 0.0497882 -0.00501826 -0.0104871 -0.00328955 0.0314613 -0.0594531 0.0785731 -0.0852277 0.0785731 -0.0594531 0.0314613 -0.00328955 -0.0104871 -0.00501826 0.0497882 -0.0914728 0.0721082 0.0325454 -0.139503 0.0942346 0.033824 -0.111409 -0.245477 -0.457183 -0.400173 -0.220563 -0.134381 0 
0 -0.0199748 -0.289899 -0.629536 -0.57604 -0.295706 -0.125391 0.0753283 -0.0151923 -0.127939 0.123984 -0.0352848 -0.0366505 0.0468606 -0.0154742 -0.0211923 0.0418798 -0.0442809 0.036241 -0.027118 0.0233445 -0.027118 0.036241 -0.0442809 0.0418798 -0.0211923 -0.0154742 0.0468606 -0.0366505 -0.0352848 0.123984 -0.127939 -0.0151923 0.0753283 -0.125391 -0.295706 -0.57604 -0.629536 -0.289899 -0.0199748 0 
0 0.0319439 -0.376663 -0.760616 -0.638188 -0.37344 -0.131772 0.0440227 -0.130176 -0.025207 0.112624 -0.103202 0.039391 0.0074715 -0.011776 -0.0147 0.0497409 -0.0783524 0.0959649 -0.104354 0.106685 -0.104354 0.0959649 -0.0783524 0.0497409 -0.0147 -0.011776 0.0074715 0.039391 -0.103202 0.112624 -0.025207 -0.130176 0.0440227 -0.131772 -0.37344 -0.638188 -0.760616 -0.376663 0.0319439 0 
0 -0.0262752 -0.457264 -0.765101 -0.664756 -0.456944 -0.154621 -0.0747813 -0.175367 0.0857402 0.0128504 -0.0815146 0.0718043 -0.0287496 -0.00399688 0.00863359 0.00946846 -0.0368213 0.0620297 -0.0787501 0.0845067 -0.0787501 0.0620297 -0.0368213 0.00946846 0.00863359 -0.00399688 -0.0287496 0.0718043 -0.0815146 0.0128504 0.0857402 -0.175367 -0.0747813 -0.154621 -0.456944 -0.664756 -0.765101 -0.457264 -0.0262752 0 
0 -0.185673 -0.507077 -0.667541 -0.664457 -0.516821 -0.233091 -0.238692 -0.130135 0.113188 -0.0922922 0.00209391 0.0407494 -0.033644 0.000751643 0.0290183 -0.0425851 0.040995 -0.0318131 0.0228628 -0.0193003 0.0228628 -0.0318131 0.040995 -0.0425851 0.0290183 0.000751643 -0.033644 0.0407494 0.00209391 -0.0922922 0.113188 -0.130135 -0.238692 -0.233091 -0.516821 -0.664457 -0.667541 -0.507077 -0.185673 0 
0 -0.379003 -0.516655 -0.529093 -0.62802 -0.542674 -0.383894 -0.374063 -0.051212 0.028435 -0.122468 0.0717698 -0.0185677 -0.0113411 0.00396792 0.0244354 -0.0558428 0.0797143 -0.093785 0.100266 -0.102026 0.100266 -0.093785 0.0797143 -0.0558428 0.0244354 0.00396792 -0.0113411 -0.0185677 0.0717698 -0.122468 0.028435 -0.051212 -0.374063 -0.383894 -0.542674 -0.62802 -0.529093 -0.516655 -0.379003 0 
0 -0.511996 -0.494929 -0.412268 -0.545515 -0.550169 -0.571933 -0.431179 -0.0330894 -0.113956 -0.066359 0.0703018 -0.0534938 0.0129823 0.00847381 -0.00533383 -0.0151417 0.0411694 -0.0638693 0.0785833 -0.0836054 0.0785833 -0.0638693 0.0411694 -0.0151417 -0.00533383 0.00847381 0.0129823 -0.0534938 0.0703018 -0.066359 -0.113956 -0.0330894 -0.431179 -0.571933 -0.550169 -0.545515 -0.412268 -0.494929 -0.511996 0 
0 -0.512723 -0.456805 -0.34942 -0.430861 -0.561941 -0.719343 -0.423962 -0.134706 -0.22423 0.0120164 0.00371973 -0.040852 0.0195596 0.0106549 -0.0341032 0.0420892 -0.0377129 0.0279192 -0.0192596 0.0159093 -0.0192596 0.0279192 -0.0377129 0.0420892 -0.0341032 0.0106549 0.0195596 -0.040852 0.00371973 0.0120164 -0.22423 -0.134706 -0.423962 -0.719343 -0.561941 -0.430861 -0.34942 -0.456805 -0.512723 0 
0 -0.371289 -0.405814 -0.333778 -0.328617 -0.580294 -0.753557 -0.418275 -0.331017 -0.253063 0.0292558 -0.0719311 -0.00196433 0.00880788 0.0038727 -0.0326349 0.0603215 -0.0802366 0.091505 -0.0965156 0.0978397 -0.0965156 0.091505 -0.0802366 0.0603215 -0.0326349 0.0038727 0.00880788 -0.00196433 -0.0719311 0.0292558 -0.253063 -0.331017 -0.418275 -0.753557 -0.580294 -0.328617 -0.333778 -0.405814 -0.371289 0 
0 -0.145665 -0.328183 -0.334855 -0.290583 -0.579044 -0.660635 -0.474595 -0.529655 -0.230804 -0.0493811 -0.104794 0.0221247 -0.00587073 -0.0108026 0.00119938 0.0201752 -0.0446854 0.0651503 -0.0781776 0.0825924 -0.0781776 0.0651503 -0.0446854 0.0201752 0.00119938 -0.0108026 -0.00587073 0.0221247 -0.104794 -0.0493811 -0.230804 -0.529655 -0.474595 -0.660635 -0.579044 -0.290583 -0.334855 -0.328183 -0.145665 0 
0 0.0707463 -0.20659 -0.323196 -0.335732 -0.526076 -0.500805 -0.59119 -0.639814 -0.237902 -0.187227 -0.0920733 0.00748526 -0.0147835 -0.0212445 0.0367771 -0.0409303 0.0345398 -0.0244954 0.0161848 -0.0130399 0.0161848 -0.0244954 0.0345398 -0.0409303 0.0367771 -0.0212445 -0.0147835 0.00748526 -0.0920733 -0.187227 -0.237902 -0.639814 -0.59119 -0.500805 -0.526076 -0.335732 -0.323196 -0.20659 0.0707463 0 
0 0.200137 -0.0448151 -0.285519 -0.425333 -0.419204 -0.369889 -0.697344 -0.63734 -0.33281 -0.313953 -0.0782518 -0.037611 -0.0197443 -0.0155657 0.0384226 -0.0637413 0.0801388 -0.0892122 0.093071 -0.0940598 0.093071 -0.0892122 0.0801388 -0.0637413 0.0384226 -0.0155657 -0.0197443 -0.037611 -0.0782518 -0.313953 -0.33281 -0.63734 -0.697344 -0.369889 -0.419204 -0.425333 -0.285519 -0.0448151 0.200137 0 
0 0.218255 0.118022 -0.22262 -0.478448 -0.301536 -0.333165 -0.706634 -0.573734 -0.499136 -0.386468 -0.113195 -0.0884007 -0.0281271 0.00256552 0.00103 -0.0250414 0.0474299 -0.0660204 0.0776037 -0.0815143 0.0776037 -0.0660204 0.0474299 -0.0250414 0.00103 0.00256552 -0.0281271 -0.0884007 -0.113195 -0.386468 -0.499136 -0.573734 -0.706634 -0.333165 -0.301536 -0.478448 -0.22262 0.118022 0.218255 0 
0 0.156751 0.220757 -0.138517 -0.423379 -0.236003 -0.381902 -0.589331 -0.524703 -0.655944 -0.418832 -0.210258 -0.130321 -0.0439052 0.0126397 -0.0424965 0.0382942 -0.0317593 0.0214399 -0.0135491 0.0105902 -0.0135491 0.0214399 -0.0317593 0.0382942 -0.0424965 0.0126397 -0.0439052 -0.130321 -0.210258 -0.418832 -0.655944 -0.524703 -0.589331 -0.381902 -0.236003 -0.423379 -0.138517 0.220757 0.156751 0 
0 0.0720612 0.217672 -0.0358113 -0.25025 -0.253789 -0.446021 -0.404014 -0.52464 -0.720664 -0.45833 -0.33948 -0.170621 -0.0671509 -0.00520641 -0.0520413 0.0639188 -0.0801354 0.0868532 -0.0899199 0.090625 -0.0899199 0.0868532 -0.0801354 0.0639188 -0.0520413 -0.00520641 -0.0671509 -0.170621 -0.33948 -0.45833 -0.720664 -0.52464 -0.404014 -0.446021 -0.253789 -0.25025 -0.0358113 0.217672 0.0720612 0 
0 0.00575832 0.114813 0.0766558 -0.024396 -0.318748 -0.45158 -0.259355 -0.543426 -0.670795 -0.5337 -0.4562 -0.227269 -0.100778 -0.0502474 -0.0208874 0.0245398 -0.0507508 0.0663261 -0.0769611 0.0803874 -0.0769611 0.0663261 -0.0507508 0.0245398 -0.0208874 -0.0502474 -0.100778 -0.227269 -0.4562 -0.5337 -0.670795 -0.543426 -0.259355 -0.45158 -0.318748 -0.024396 0.0766558 0.114813 0.00575832 0 
0 -0.0347203 -0.0248482 0.173399 0.153133 -0.343327 -0.375875 -0.23377 -0.523037 -0.55481 -0.623968 -0.535062 -0.309527 -0.153395 -0.100581 0.0142834 -0.0450187 0.0267257 -0.0192921 0.0111566 -0.00852451 0.0111566 -0.0192921 0.0267257 -0.0450187 0.0142834 -0.100581 -0.153395 -0.309527 -0.535062 -0.623968 -0.55481 -0.523037 -0.23377 -0.375875 -0.343327 0.153133 0.173399 -0.0248482 -0.0347203 0 
0 -0.0640509 -0.117416 0.215514 0.211613 -0.251928 -0.256507 -0.316028 -0.438274 -0.448171 -0.674721 -0.579767 -0.409135 -0.231842 -0.135402 0.00591252 -0.0818155 0.0747616 -0.0857936 0.0867418 -0.0875959 0.0867418 -0.0857936 0.0747616 -0.0818155 0.00591252 -0.135402 -0.231842 -0.409135 -0.579767 -0.674721 -0.448171 -0.438274 -0.316028 -0.256507 -0.251928 0.211613 0.215514 -0.117416 -0.0640509 0 
0 -0.09071 -0.11341 0.173422 0.155184 -0.0457889 -0.150874 -0.413967 -0.325424 -0.395695 -0.645097 -0.605552 -0.507079 -0.330502 -0.159005 -0.059719 -0.057536 0.0435145 -0.0690225 0.0756088 -0.0794984 0.0756088 -0.0690225 0.0435145 -0.057536 -0.059719 -0.159005 -0.330502 -0.507079 -0.605552 -0.645097 -0.395695 -0.325424 -0.413967 -0.150874 -0.0457889 0.155184 0.173422 -0.11341 -0.09071 0 
0 -0.100367 -0.032021 0.0550614 0.0530704 0.184322 -0.0847436 -0.423997 -0.252278 -0.388002 -0.543236 -0.616605 -0.585496 -0.430432 -0.20066 -0.149626 -0.00853969 -0.0411295 0.0120407 -0.0104588 0.00615271 -0.0104588 0.0120407 -0.0411295 -0.00853969 -0.149626 -0.20066 -0.430432 -0.585496 -0.616605 -0.543236 -0.388002 -0.252278 -0.423997 -0.0847436 0.184322 0.0530704 0.0550614 -0.032021 -0.100367 0 
0 -0.0678451 0.0540521 -0.0855672 -0.0157322 0.314354 -0.0361599 -0.306284 -0.255992 -0.385187 -0.42091 -0.601539 -0.632924 -0.511685 -0.287 -0.21702 -0.00296244 -0.104334 0.0741864 -0.0867487 0.083498 -0.0867487 0.0741864 -0.104334 -0.00296244 -0.21702 -0.287 -0.511685 -0.632924 -0.601539 -0.42091 -0.385187 -0.255992 -0.306284 -0.0361599 0.314354 -0.0157322 -0.0855672 0.0540521 -0.0678451 0 
0 0.0121119 0.0747461 -0.173832 -0.0194719 0.274236 0.0325213 -0.108467 -0.304578 -0.359003 -0.33481 -0.549162 -0.642197 -0.567076 -0.412016 -0.248395 -0.0762424 -0.0975648 0.0514684 -0.0802431 0.07572 -0.0802431 0.0514684 -0.0975648 -0.0762424 -0.248395 -0.412016 -0.567076 -0.642197 -0.549162 -0.33481 -0.359003 -0.304578 -0.108467 0.0325213 0.274236 -0.0194719 -0.173832 0.0747461 0.0121119 0 
0 0.1047 0.017637 -0.161363 0.0116252 0.100262 0.126384 0.0755697 -0.317743 -0.313165 -0.308346 -0.466455 -0.60943 -0.602483 -0.534892 -0.277636 -0.197891 -0.0482071 -0.0414358 -0.00181886 -0.0100396 -0.00181886 -0.0414358 -0.0482071 -0.197891 -0.277636 -0.534892 -0.602483 -0.60943 -0.466455 -0.308346 -0.313165 -0.317743 0.0755697 0.126384 0.100262 0.0116252 -0.161363 0.017637 0.1047 0 
0 0.149347 -0.0624564 -0.0608961 0.0216345 -0.0893406 0.201013 0.173982 -0.231435 -0.267267 -0.322614 -0.379965 -0.539183 -0.622729 -0.610352 -0.351256 -0.302055 -0.0345776 -0.126129 0.064646 -0.0916888 0.064646 -0.126129 -0.0345776 -0.302055 -0.351256 -0.610352 -0.622729 -0.539183 -0.379965 -0.322614 -0.267267 -0.231435 0.173982 0.201013 -0.0893406 0.0216345 -0.0608961 -0.0624564 0.149347 0 
0 0.103706 -0.0892089 0.0598129 -0.0167326 -0.178611 0.196295 0.177797 -0.0527306 -0.226247 -0.337383 -0.318942 -0.450018 -0.618994 -0.624132 -0.477349 -0.35165 -0.110705 -0.14024 0.0443335 -0.0951707 0.0443335 -0.14024 -0.110705 -0.35165 -0.477349 -0.624132 -0.618994 -0.450018 -0.318942 -0.337383 -0.226247 -0.0527306 0.177797 0.196295 -0.178611 -0.0167326 0.0598129 -0.0892089 0.103706 0 
0 -0.0160894 -0.0304772 0.12413 -0.0764328 -0.133685 0.0932267 0.128605 0.140226 -0.169633 -0.319758 -0.295298 -0.370328 -0.574299 -0.599932 -0.608713 -0.372433 -0.254453 -0.100824 -0.0569984 -0.0289004 -0.0569984 -0.100824 -0.254453 -0.372433 -0.608713 -0.599932 -0.574299 -0.370328 -0.295298 -0.319758 -0.169633 0.140226 0.128605 0.0932267 -0.133685 -0.0764328 0.12413 -0.0304772 -0.0160894 0 
0 -0.13546 0.0705033 0.0996547 -0.100305 -0.0177183 -0.0577251 0.073474 0.252813 -0.0730846 -0.258486 -0.296526 -0.322873 -0.48502 -0.571519 -0.678812 -0.422791 -0.389288 -0.0888592 -0.162262 0.0233208 -0.162262 -0.0888592 -0.389288 -0.422791 -0.678812 -0.571519 -0.48502 -0.322873 -0.296526 -0.258486 -0.0730846 0.252813 0.073474 -0.0577251 -0.0177183 -0.100305 0.0996547 0.0705033 -0.13546 0 
0 -0.169474 0.127281 0.0179014 -0.0535413 0.0676 -0.165875 0.0303778 0.239091 0.0585873 -0.160374 -0.294832 -0.309368 -0.376829 -0.548304 -0.658082 -0.528779 -0.457392 -0.170352 -0.20278 -0.0172495 -0.20278 -0.170352 -0.457392 -0.528779 -0.658082 -0.548304 -0.376829 -0.309368 -0.294832 -0.160374 0.0585873 0.239091 0.0303778 -0.165875 0.0676 -0.0535413 0.0179014 0.127281 -0.169474 0 
0 -0.0869315 0.0825248 -0.0543677 0.0413689 0.0642642 -0.166594 -0.00960339 0.128064 0.180645 -0.041136 -0.263157 -0.309095 -0.294641 -0.509666 -0.577582 -0.649246 -0.471583 -0.331712 -0.188808 -0.150585 -0.188808 -0.331712 -0.471583 -0.649246 -0.577582 -0.509666 -0.294641 -0.309095 -0.263157 -0.041136 0.180645 0.128064 -0.00960339 -0.166594 0.0642642 0.0413689 -0.0543677 0.0825248 -0.0869315 0 
0 0.0597082 -0.0388185 -0.0684795 0.118069 -0.00250993 -0.0703498 -0.0544152 -0.00423395 0.234112 0.0780423 -0.187461 -0.293723 -0.269823 -0.43425 -0.498019 -0.707381 -0.495222 -0.492313 -0.201006 -0.303032 -0.201006 -0.492313 -0.495222 -0.707381 -0.498019 -0.43425 -0.269823 -0.293723 -0.187461 0.0780423 0.234112 -0.00423395 -0.0544152 -0.0703498 -0.00250993 0.118069 -0.0684795 -0.0388185 0.0597082 0 
0 0.166789 -0.142945 -0.028539 0.117987 -0.0560993 0.0468377 -0.0906653 -0.0894912 0.188975 0.169862 -0.071955 -0.245811 -0.292087 -0.33367 -0.454854 -0.660136 -0.571173 -0.580815 -0.311538 -0.404465 -0.311538 -0.580815 -0.571173 -0.660136 -0.454854 -0.33367 -0.292087 -0.245811 -0.071955 0.169862 0.188975 -0.0894912 -0.0906653 0.0468377 -0.0560993 0.117987 -0.028539 -0.142945 0.166789 0 
0 0.154739 -0.141037 0.0194314 0.037752 -0.0404329 0.103915 -0.0922462 -0.105425 0.0694437 0.206006 0.0605412 -0.166004 -0.313177 -0.25299 -0.432713 -0.53933 -0.671776 -0.599587 -0.51262 -0.459435 -0.51262 -0.599587 -0.671776 -0.53933 -0.432713 -0.25299 -0.313177 -0.166004 0.0605412 0.206006 0.0694437 -0.105425 -0.0922462 0.103915 -0.0404329 0.037752 0.0194314 -0.141037 0.154739 0 
0 0.0300605 -0.0250675 0.0318648 -0.0666093 0.0308667 0.0758652 -0.0480815 -0.0743474 -0.0596647 0.171643 0.172767 -0.0663537 -0.282428 -0.232288 -0.392296 -0.424981 -0.72122 -0.614664 -0.722149 -0.540998 -0.722149 -0.614664 -0.72122 -0.424981 -0.392296 -0.232288 -0.282428 -0.0663537 0.172767 0.171643 -0.0596647 -0.0743474 -0.0480815 0.0758652 0.0308667 -0.0666093 0.0318648 -0.0250675 0.0300605 0 
0 -0.115915 0.118917 0.00544665 -0.121983 0.089047 0.00557904 0.0205034 -0.0330324 -0.134617 0.0797344 0.224932 0.0390582 -0.185125 -0.264123 -0.320048 -0.37652 -0.669965 -0.683252 -0.859518 -0.713136 -0.859518 -0.683252 -0.669965 -0.37652 -0.320048 -0.264123 -0.185125 0.0390582 0.224932 0.0797344 -0.134617 -0.0330324 0.0205034 0.00557904 0.089047 -0.121983 0.00544665 0.118917 -0.115915 0 
0 -0.174204 0.175826 -0.0244613 -0.0927418 0.0736028 -0.0401091 0.0719733 -0.00372945 -0.130585 -0.0294627 0.194329 0.134893 -0.0515253 -0.290189 -0.247936 -0.387303 -0.548671 -0.792584 -0.916225 -0.958465 -0.916225 -0.792584 -0.548671 -0.387303 -0.247936 -0.290189 -0.0515253 0.134893 0.194329 -0.0294627 -0.130585 -0.00372945 0.0719733 -0.0401091 0.0736028 -0.0927418 -0.0244613 0.175826 -0.174204 0 
0 -0.101435 0.0951554 -0.0213676 -0.00484438 -0.0118556 -0.0293486 0.0764969 0.0127853 -0.0695587 -0.107992 0.0929189 0.198982 0.0690125 -0.246027 -0.22123 -0.403586 -0.448013 -0.871848 -0.952582 -1.18267 -0.952582 -0.871848 -0.448013 -0.403586 -0.22123 -0.246027 0.0690125 0.198982 0.0929189 -0.107992 -0.0695587 0.0127853 0.0764969 -0.0293486 -0.0118556 -0.00484438 -0.0213676 0.0951554 -0.101435 0 
0 0.0458413 -0.0637934 0.0149877 0.0771695 -0.0999344 0.0122464 0.0386312 0.0246419 0.00244508 -0.126686 -0.0322033 0.204063 0.143283 -0.116905 -0.246312 -0.385387 -0.442207 -0.865337 -1.02628 -1.29184 -1.02628 -0.865337 -0.442207 -0.385387 -0.246312 -0.116905 0.143283 0.204063 -0.0322033 -0.126686 0.00244508 0.0246419 0.0386312 0.0122464 -0.0999344 0.0771695 0.0149877 -0.0637934 0.0458413 0 
0 0.154248 -0.175638 0.0471931 0.0993619 -0.115692 0.0323925 -0.00932798 0.0344466 0.0477154 -0.0894759 -0.121879 0.134883 0.167702 0.0449118 -0.27381 -0.346624 -0.527979 -0.793279 -1.12613 -1.26822 -1.12613 -0.793279 -0.527979 -0.346624 -0.27381 0.0449118 0.167702 0.134883 -0.121879 -0.0894759 0.0477154 0.0344466 -0.00932798 0.0323925 -0.115692 0.0993619 0.0471931 -0.175638 0.154248 0 
0 0.141621 -0.149304 0.0367329 0.0547487 -0.0406651 0.0050873 -0.0359134 0.0366249 0.0553706 -0.0260691 -0.139264 0.00971617 0.153218 0.157745 -0.239832 -0.334996 -0.634737 -0.738108 -1.17829 -1.17356 -1.17829 -0.738108 -0.634737 -0.334996 -0.239832 0.157745 0.153218 0.00971617 -0.139264 -0.0260691 0.0553706 0.0366249 -0.0359134 0.0050873 -0.0406651 0.0547487 0.0367329 -0.149304 0.141621 0 
0 0.020858 -0.00372864 -0.0157325 -0.018222 0.0696534 -0.0439061 -0.034114 0.025355 0.0379796 0.0293989 -0.0911052 -0.11682 0.103991 0.170053 -0.13025 -0.374513 -0.692402 -0.76714 -1.11922 -1.08126 -1.11922 -0.76714 -0.692402 -0.374513 -0.13025 0.170053 0.103991 -0.11682 -0.0911052 0.0293989 0.0379796 0.025355 -0.034114 -0.0439061 0.0696534 -0.018222 -0.0157325 -0.00372864 0.020858 0 
0 -0.111267 0.144992 -0.0658193 -0.0686014 0.129613 -0.0620617 -0.0198955 0.00237401 0.0152872 0.056886 -0.0192487 -0.181725 0.0160764 0.090769 -0.00665844 -0.432436 -0.68928 -0.865508 -0.962645 -1.00795 -0.962645 -0.865508 -0.68928 -0.432436 -0.00665844 0.090769 0.0160764 -0.181725 -0.0192487 0.056886 0.0152872 0.00237401 -0.0198955 -0.0620617 0.129613 -0.0686014 -0.0658193 0.144992 -0.111267 0 
0 -0.15151 0.176945 -0.0638988 -0.0687316 0.0921006 -0.0217569 -0.0106511 -0.0229461 -0.000233771 0.0549397 0.0310224 -0.15656 -0.102615 -0.031545 0.0348458 -0.448126 -0.666004 -0.944104 -0.793108 -0.91198 -0.793108 -0.944104 -0.666004 -0.448126 0.0348458 -0.031545 -0.102615 -0.15656 0.0310224 0.0549397 -0.000233771 -0.0229461 -0.0106511 -0.0217569 0.0921006 -0.0687316 -0.0638988 0.176945 -0.15151 0 
0 -0.0717619 0.0665737 -0.00297543 -0.0274456 -0.0140845 0.0497886 -0.00725689 -0.0395143 -0.00763943 0.0332207 0.0403772 -0.0710138 -0.217025 -0.155029 -0.0609907 -0.397542 -0.657783 -0.915425 -0.691038 -0.756578 -0.691038 -0.915425 -0.657783 -0.397542 -0.0609907 -0.155029 -0.217025 -0.0710138 0.0403772 0.0332207 -0.00763943 -0.0395143 -0.00725689 0.0497886 -0.0140845 -0.0274456 -0.00297543 0.0665737 -0.0717619 0 
0 0.0605105 -0.095769 0.0692177 0.0232982 -0.107642 0.0911046 0.0023343 -0.0400495 -0.0127988 0.00307583 0.0200952 0.00587759 -0.279433 -0.270502 -0.264475 -0.327881 -0.648913 -0.76624 -0.661449 -0.568405 -0.661449 -0.76624 -0.648913 -0.327881 -0.264475 -0.270502 -0.279433 0.00587759 0.0200952 0.00307583 -0.0127988 -0.0400495 0.0023343 0.0911046 -0.107642 0.0232982 0.0692177 -0.095769 0.0605105 0 
0 0.138585 -0.177795 0.0886842 0.052787 -0.118777 0.0605414 0.0235221 -0.023176 -0.0208022 -0.0267829 -0.0079961 0.0149956 -0.268281 -0.386701 -0.485317 -0.322626 -0.589116 -0.561525 -0.634797 -0.426755 -0.634797 -0.561525 -0.589116 -0.322626 -0.485317 -0.386701 -0.268281 0.0149956 -0.0079961 -0.0267829 -0.0208022 -0.023176 0.0235221 0.0605414 -0.118777 0.052787 0.0886842 -0.177795 0.138585 0 
0 0.102919 -0.114106 0.0325566 0.0483591 -0.042192 -0.0241062 0.0422902 0.00596543 -0.0308942 -0.0504497 -0.0350362 -0.0524535 -0.215915 -0.497949 -0.640833 -0.424666 -0.455799 -0.382026 -0.537817 -0.389126 -0.537817 -0.382026 -0.455799 -0.424666 -0.640833 -0.497949 -0.215915 -0.0524535 -0.0350362 -0.0504497 -0.0308942 0.00596543 0.0422902 -0.0241062 -0.042192 0.0483591 0.0325566 -0.114106 0.102919 0 
0 -0.0127339 0.0405044 -0.0562862 0.0173427 0.0615522 -0.0966762 0.035378 0.0349732 -0.0366602 -0.0653743 -0.0702839 -0.156413 -0.193192 -0.57441 -0.706586 -0.588531 -0.296255 -0.259918 -0.364715 -0.425842 -0.364715 -0.259918 -0.296255 -0.588531 -0.706586 -0.57441 -0.193192 -0.156413 -0.0702839 -0.0653743 -0.0366602 0.0349732 0.035378 -0.0966762 0.0615522 0.0173427 -0.0562862 0.0405044 -0.0127339 0 
0 -0.111893 0.157608 -0.102524 -0.0210284 0.114687 -0.0966755 -0.00464894 0.0461738 -0.0316964 -0.0743477 -0.125837 -0.248036 -0.256579 -0.588609 -0.709782 -0.708841 -0.200696 -0.173094 -0.180697 -0.431995 -0.180697 -0.173094 -0.200696 -0.708841 -0.709782 -0.588609 -0.256579 -0.248036 -0.125837 -0.0743477 -0.0316964 0.0461738 -0.00464894 -0.0966755 0.114687 -0.0210284 -0.102524 0.157608 -0.111893 0 
0 -0.115704 0.142303 -0.0633551 -0.0458447 0.0810524 -0.0208275 -0.0549768 0.0252012 -0.0179279 -0.0855306 -0.199067 -0.311244 -0.400838 -0.550094 -0.682449 -0.70235 -0.225273 -0.0950709 -0.0576017 -0.312499 -0.0576017 -0.0950709 -0.225273 -0.70235 -0.682449 -0.550094 -0.400838 -0.311244 -0.199067 -0.0855306 -0.0179279 0.0252012 -0.0549768 -0.0208275 0.0810524 -0.0458447 -0.0633551 0.142303 -0.115704 0 
0 -0.0260871 0.011082 0.0316061 -0.0433142 -0.00977658 0.0719531 -0.0767229 -0.0265982 -0.0102778 -0.108197 -0.271957 -0.368806 -0.560012 -0.507354 -0.627003 -0.571614 -0.336568 -0.0402313 -0.00759837 -0.0655537 -0.00759837 -0.0402313 -0.336568 -0.571614 -0.627003 -0.507354 -0.560012 -0.368806 -0.271957 -0.108197 -0.0102778 -0.0265982 -0.0767229 0.0719531 -0.00977658 -0.0433142 0.0316061 0.011082 -0.0260871 0 
0 0.0793441 -0.1243 0.102706 -0.0136693 -0.0885575 0.107132 -0.0487688 -0.0868486 -0.0311875 -0.147323 -0.32812 -0.449958 -0.658221 -0.50769 -0.527797 -0.395964 -0.432541 -0.0513176 0.0197579 0.210369 0.0197579 -0.0513176 -0.432541 -0.395964 -0.527797 -0.50769 -0.658221 -0.449958 -0.32812 -0.147323 -0.0311875 -0.0868486 -0.0487688 0.107132 -0.0885575 -0.0136693 0.102706 -0.1243 0.0793441 0 
0 0.114028 -0.15202 0.0879608 0.0263475 -0.0996939 0.0544138 0.00864061 -0.123664 -0.0950466 -0.202615 -0.369543 -0.552716 -0.666731 -0.550686 -0.390607 -0.262417 -0.424063 -0.139941 0.076998 0.390986 0.076998 -0.139941 -0.424063 -0.262417 -0.390607 -0.550686 -0.666731 -0.552716 -0.369543 -0.202615 -0.0950466 -0.123664 0.00864061 0.0544138 -0.0996939 0.0263475 0.0879608 -0.15202 0.114028 0 
0 0.0536931 -0.0532325 -0.00218323 0.0502572 -0.0407931 -0.048275 0.0444172 -0.120249 -0.192952 -0.272747 -0.415027 -0.638184 -0.617726 -0.582673 -0.261388 -0.201328 -0.304144 -0.24536 0.1585 0.414609 0.1585 -0.24536 -0.304144 -0.201328 -0.261388 -0.582673 -0.617726 -0.638184 -0.415027 -0.272747 -0.192952 -0.120249 0.0444172 -0.048275 -0.0407931 0.0502572 -0.00218323 -0.0532325 0.0536931 0 
0 -0.0467966 0.0850488 -0.0919795 0.0382942 0.0389998 -0.12592 0.0158543 -0.0938428 -0.29263 -0.3585 -0.480731 -0.662749 -0.565073 -0.543102 -0.197476 -0.180959 -0.143824 -0.26451 0.203065 0.310178 0.203065 -0.26451 -0.143824 -0.180959 -0.197476 -0.543102 -0.565073 -0.662749 -0.480731 -0.3585 -0.29263 -0.0938428 0.0158543 -0.12592 0.0389998 0.0382942 -0.0919795 0.0850488 -0.0467966 0 
0 -0.102626 0.146112 -0.10495 -0.00606073 0.0773864 -0.126892 -0.0755765 -0.0897096 -0.359079 -0.458343 -0.561381 -0.61739 -0.531346 -0.422618 -0.215841 -0.155435 -0.0229599 -0.136595 0.157514 0.15219 0.157514 -0.136595 -0.0229599 -0.155435 -0.215841 -0.422618 -0.531346 -0.61739 -0.561381 -0.458343 -0.359079 -0.0897096 -0.0755765 -0.126892 0.0773864 -0.00606073 -0.10495 0.146112 -0.102626 0 
0 -0.0706142 0.0822248 -0.0304331 -0.0542763 0.0438416 -0.063965 -0.183369 -0.149386 -0.383001 -0.55913 -0.630274 -0.536518 -0.491948 -0.277621 -0.270799 -0.111894 0.0363769 0.0932564 0.0371049 -0.00313562 0.0371049 0.0932564 0.0363769 -0.111894 -0.270799 -0.277621 -0.491948 -0.536518 -0.630274 -0.55913 -0.383001 -0.149386 -0.183369 -0.063965 0.0438416 -0.0542763 -0.0304331 0.0822248 -0.0706142 0 
0 0.0172607 -0.0480364 0.0662877 -0.0720016 -0.0411843 -0.00393771 -0.252815 -0.275961 -0.392552 -0.633671 -0.657942 -0.467942 -0.41011 -0.1845 -0.287736 -0.0710116 0.0728658 0.29485 -0.0793264 -0.138341 -0.0793264 0.29485 0.0728658 -0.0710116 -0.287736 -0.1845 -0.41011 -0.467942 -0.657942 -0.633671 -0.392552 -0.275961 -0.252815 -0.00393771 -0.0411843 -0.0720016 0.0662877 -0.0480364 0.0172607 0 
0 0.0844962 -0.133392 0.0998551 -0.0474502 -0.124603 -0.0154414 -0.265828 -0.425898 -0.433234 -0.654 -0.632042 -0.432408 -0.286329 -0.173591 -0.224683 -0.0483407 0.128881 0.347403 -0.116967 -0.244039 -0.116967 0.347403 0.128881 -0.0483407 -0.224683 -0.173591 -0.286329 -0.432408 -0.632042 -0.654 -0.433234 -0.425898 -0.265828 -0.0154414 -0.124603 -0.0474502 0.0998551 -0.133392 0.0844962 0 
